

2019-04-05 23:31:03.338428
sparsity scale set to 200

51, 73.632, 0.100, 73.490, 0.071
2, 71.477, 0.300, 71.040, 0.219
3, 69.319, 0.500, 68.590, 0.364
4, 59.520, 0.700, 58.500, 0.510
5, 31.121, 0.900, 29.810, 0.656
6, 73.630, 0.145, 73.420, 0.105
7, 73.785, 0.122, 73.610, 0.087
8, 73.728, 0.117, 73.560, 0.084
9, 73.638, 0.131, 73.450, 0.094
10, 73.537, 0.157, 73.310, 0.113
1, 74.234, 0.100, 73.460, 0.387
2, 75.471, 0.300, 73.140, 1.166
3, 74.035, 0.500, 70.150, 1.943
4, 63.860, 0.700, 58.420, 2.720
5, 36.674, 0.900, 29.680, 3.497
6, 75.460, 0.234, 73.640, 0.910
7, 75.445, 0.268, 73.360, 1.043
8, 75.192, 0.384, 72.210, 1.491
9, 74.969, 0.178, 73.590, 0.690
10, 75.336, 0.339, 72.700, 1.318
1, 89.148, 0.100, 73.610, 7.769
2, 120.175, 0.300, 73.550, 23.312
3, 150.238, 0.500, 72.530, 38.854
4, 177.311, 0.700, 68.520, 54.395
5, 190.684, 0.900, 50.810, 69.937
6, 191.784, 0.869, 56.770, 67.507
7, 191.154, 0.859, 57.720, 66.717
8, 191.692, 0.877, 55.360, 68.166
9, 192.479, 0.871, 57.080, 67.700
10, 192.047, 0.873, 56.360, 67.844
1, 76.860, 0.100, 73.600, 1.630
2, 83.281, 0.300, 73.490, 4.896
3, 89.619, 0.500, 73.300, 8.159
4, 94.846, 0.700, 72.000, 11.423
5, 96.293, 0.900, 66.920, 14.687
6, 96.759, 0.829, 69.720, 13.520
7, 96.636, 0.849, 68.920, 13.858
8, 96.534, 0.800, 70.440, 13.047
9, 96.886, 0.824, 69.980, 13.453
10, 97.131, 0.875, 68.570, 14.280
1, 73.859, 0.100, 73.590, 0.134
2, 74.376, 0.300, 73.560, 0.408
3, 74.180, 0.500, 72.820, 0.680
4, 72.964, 0.700, 71.060, 0.952
5, 49.228, 0.900, 46.780, 1.224
6, 74.323, 0.296, 73.520, 0.401
7, 74.352, 0.476, 73.060, 0.646
8, 74.395, 0.352, 73.440, 0.478
9, 74.544, 0.414, 73.420, 0.562
10, 0.000, 0.164, 0.000, 0.000

 Final Sparsity: 83.80    Final Top1: 68.560


2019-04-05 23:44:00.303289
sparsity scale set to 200

501, 73.632, 0.100, 73.490, 0.071
2, 0.000, 0.300, 0.000, 0.000
3, 69.319, 0.500, 68.590, 0.364
4, 59.520, 0.700, 58.500, 0.510
5, 0.000, 0.900, 0.000, 0.000
6, 0.000, 0.100, 0.000, 0.000


2019-04-05 23:45:01.498707
sparsity scale set to 200

351, 0.000, 0.100, 0.000, 0.000
2, 71.477, 0.300, 71.040, 0.219
3, 0.000, 0.500, 0.000, 0.000
4, 0.000, 0.700, 0.000, 0.000
5, 0.000, 0.900, 0.000, 0.000
6, 0.000, 0.300, 0.000, 0.000
7, 0.000, 0.300, 0.000, 0.000


2019-04-05 23:46:03.944877
sparsity scale set to 200

351, 73.632, 0.100, 73.490, 0.071
2, 0.000, 0.300, 0.000, 0.000
3, 69.319, 0.500, 68.590, 0.364
4, 59.520, 0.700, 58.500, 0.510
5, 31.121, 0.900, 29.810, 0.656
6, 0.000, 0.100, 0.000, 0.000
7, 0.000, 0.500, 0.000, 0.000
8, 0.000, 0.500, 0.000, 0.000
9, 0.000, 0.500, 0.000, 0.000
10, 0.000, 0.100, 0.000, 0.000


2019-04-05 23:47:17.825841
sparsity scale set to 200

351, 0.000, 0.100, 0.000, 0.000
2, 71.477, 0.300, 71.040, 0.219
3, 0.000, 0.500, 0.000, 0.000
4, 0.000, 0.700, 0.000, 0.000
5, 0.000, 0.900, 0.000, 0.000
6, 0.000, 0.300, 0.000, 0.000
7, 0.000, 0.300, 0.000, 0.000
8, 0.000, 0.300, 0.000, 0.000
9, 0.000, 0.300, 0.000, 0.000


2019-04-05 23:48:11.130025
sparsity scale set to 200

351, 73.632, 0.100, 73.490, 0.071
2, 0.000, 0.300, 0.000, 0.000
3, 0.000, 0.500, 0.000, 0.000
4, 0.000, 0.700, 0.000, 0.000
5, 0.000, 0.900, 0.000, 0.000
6, 0.000, 0.100, 0.000, 0.000
7, 0.000, 0.100, 0.000, 0.000
8, 0.000, 0.100, 0.000, 0.000
9, 0.000, 0.100, 0.000, 0.000


2019-04-05 23:50:13.884596
sparsity scale set to 200

351, 73.632, 0.100, 73.490, 0.071
2, 71.477, 0.300, 71.040, 0.219
3, 69.319, 0.500, 68.590, 0.364
4, 59.520, 0.700, 58.500, 0.510
5, 31.121, 0.900, 29.810, 0.656
6, 73.630, 0.145, 73.420, 0.105
7, 73.785, 0.122, 73.610, 0.087
8, 73.728, 0.117, 73.560, 0.084
9, 73.638, 0.131, 73.450, 0.094
10, 73.537, 0.157, 73.310, 0.113
11, 73.676, 0.088, 73.550, 0.063
12, 73.557, 0.075, 73.450, 0.053
13, 73.778, 0.123, 73.600, 0.089
14, 73.785, 0.121, 73.610, 0.087
15, 73.785, 0.121, 73.610, 0.087
16, 73.785, 0.121, 73.610, 0.087
17, 73.785, 0.121, 73.610, 0.087
18, 73.531, 0.051, 73.460, 0.036
19, 73.586, 0.025, 73.550, 0.018
20, 73.553, 0.010, 73.540, 0.006
21, 73.488, 0.193, 73.210, 0.139
22, 73.307, 0.225, 72.980, 0.164
23, 73.371, 0.209, 73.070, 0.151
24, 72.206, 0.252, 71.840, 0.183
25, 73.726, 0.177, 73.470, 0.128
26, 73.575, 0.038, 73.520, 0.028
27, 73.785, 0.121, 73.610, 0.087
28, 73.785, 0.121, 73.610, 0.087
29, 67.857, 0.376, 67.310, 0.274
30, 73.785, 0.121, 73.610, 0.087
31, 73.785, 0.121, 73.610, 0.087
32, 73.549, 0.171, 73.300, 0.125
33, 73.656, 0.183, 73.390, 0.133
34, 68.918, 0.583, 68.070, 0.424
35, 73.531, 0.063, 73.440, 0.045
36, 73.785, 0.121, 73.610, 0.087
37, 73.785, 0.121, 73.610, 0.087
38, 73.785, 0.121, 73.610, 0.087
39, 73.785, 0.122, 73.610, 0.087
40, 73.785, 0.121, 73.610, 0.087
1, 74.234, 0.100, 73.460, 0.387
2, 75.471, 0.300, 73.140, 1.166
3, 74.035, 0.500, 70.150, 1.943
4, 63.860, 0.700, 58.420, 2.720
5, 36.674, 0.900, 29.680, 3.497
6, 75.460, 0.234, 73.640, 0.910
7, 75.445, 0.268, 73.360, 1.043
8, 75.192, 0.384, 72.210, 1.491
9, 74.969, 0.178, 73.590, 0.690
10, 75.336, 0.339, 72.700, 1.318
11, 75.427, 0.248, 73.500, 0.963
12, 75.388, 0.287, 73.160, 1.114
13, 74.571, 0.434, 71.200, 1.685
14, 75.321, 0.316, 72.870, 1.226
15, 75.282, 0.211, 73.640, 0.821
16, 75.487, 0.360, 72.690, 1.399
17, 75.469, 0.355, 72.710, 1.379
18, 75.677, 0.364, 72.850, 1.413
19, 75.428, 0.373, 72.530, 1.449
20, 75.313, 0.407, 72.150, 1.582
21, 75.149, 0.194, 73.640, 0.754
22, 75.385, 0.223, 73.650, 0.868
23, 74.566, 0.150, 73.400, 0.583
24, 74.461, 0.125, 73.490, 0.486
25, 75.132, 0.397, 72.050, 1.541
26, 74.016, 0.467, 70.390, 1.813
27, 75.411, 0.259, 73.400, 1.005
28, 74.035, 0.064, 73.540, 0.248
29, 71.870, 0.538, 67.690, 2.090
30, 74.801, 0.419, 71.550, 1.625
31, 73.724, 0.026, 73.520, 0.102
32, 75.577, 0.347, 72.880, 1.349
33, 71.758, 0.607, 67.040, 2.359
34, 75.493, 0.277, 73.340, 1.077
35, 46.965, 0.791, 40.820, 3.073
36, 75.509, 0.367, 72.660, 1.425
37, 75.095, 0.327, 72.560, 1.268
38, 74.759, 0.165, 73.480, 0.639
39, 75.346, 0.307, 72.960, 1.193
40, 75.491, 0.241, 73.620, 0.936
1, 89.148, 0.100, 73.610, 7.769
2, 120.175, 0.300, 73.550, 23.312
3, 150.238, 0.500, 72.530, 38.854
4, 177.311, 0.700, 68.520, 54.395
5, 190.684, 0.900, 50.810, 69.937
6, 191.784, 0.869, 56.770, 67.507
7, 191.154, 0.859, 57.720, 66.717
8, 191.692, 0.877, 55.360, 68.166
9, 192.479, 0.871, 57.080, 67.700
10, 192.047, 0.873, 56.360, 67.844
11, 192.630, 0.871, 57.270, 67.680
12, 192.187, 0.870, 56.950, 67.619
13, 191.943, 0.875, 55.890, 68.027
14, 192.698, 0.871, 57.360, 67.669
15, 192.735, 0.871, 57.410, 67.662
16, 192.172, 0.876, 55.970, 68.101
17, 192.498, 0.871, 57.190, 67.654
18, 191.937, 0.869, 56.820, 67.559
19, 192.224, 0.876, 56.100, 68.062
20, 191.770, 0.877, 55.500, 68.135
21, 192.718, 0.871, 57.390, 67.664
22, 192.079, 0.870, 56.890, 67.594
23, 191.719, 0.869, 56.660, 67.530
24, 192.735, 0.871, 57.410, 67.662
25, 192.735, 0.871, 57.410, 67.662
26, 192.735, 0.871, 57.410, 67.662
27, 192.735, 0.871, 57.410, 67.662
28, 192.721, 0.871, 57.400, 67.661
29, 191.865, 0.876, 55.780, 68.043
30, 192.260, 0.876, 56.100, 68.080
31, 192.735, 0.871, 57.410, 67.662
32, 192.735, 0.871, 57.410, 67.662
33, 192.735, 0.871, 57.410, 67.662
34, 192.735, 0.871, 57.410, 67.662
35, 192.735, 0.871, 57.410, 67.662
36, 192.735, 0.871, 57.410, 67.662
37, 192.430, 0.871, 57.050, 67.690
38, 192.408, 0.871, 56.980, 67.714
39, 192.670, 0.871, 57.320, 67.675
40, 192.735, 0.871, 57.410, 67.662
1, 76.860, 0.100, 73.600, 1.630
2, 83.281, 0.300, 73.490, 4.896
3, 89.619, 0.500, 73.300, 8.159
4, 94.846, 0.700, 72.000, 11.423
5, 96.293, 0.900, 66.920, 14.687
6, 96.759, 0.829, 69.720, 13.520
7, 96.636, 0.849, 68.920, 13.858
8, 96.534, 0.800, 70.440, 13.047
9, 96.886, 0.824, 69.980, 13.453
10, 97.131, 0.875, 68.570, 14.280
11, 96.801, 0.868, 68.460, 14.170
12, 97.055, 0.885, 68.180, 14.437
13, 96.721, 0.812, 70.210, 13.256
14, 0.000, 0.879, 0.000, 0.000
15, 97.131, 0.875, 68.570, 14.280
16, 97.068, 0.885, 68.190, 14.439
17, 97.108, 0.875, 68.550, 14.279
18, 96.943, 0.825, 70.030, 13.456
19, 96.747, 0.869, 68.400, 14.174
20, 96.843, 0.828, 69.810, 13.516
21, 0.000, 0.813, 0.000, 0.000
22, 97.055, 0.885, 68.180, 14.437
23, 97.108, 0.875, 68.550, 14.279
24, 97.055, 0.885, 68.180, 14.437
25, 97.068, 0.885, 68.190, 14.439
26, 0.000, 0.825, 0.000, 0.000
27, 97.068, 0.885, 68.190, 14.439
28, 97.068, 0.885, 68.190, 14.439
29, 97.068, 0.885, 68.190, 14.439
30, 97.108, 0.875, 68.550, 14.279
31, 97.068, 0.885, 68.190, 14.439
32, 97.055, 0.885, 68.180, 14.437
33, 96.943, 0.825, 70.030, 13.456
34, 97.055, 0.885, 68.180, 14.437
35, 97.055, 0.885, 68.180, 14.437
36, 96.943, 0.825, 70.030, 13.456
37, 97.108, 0.875, 68.550, 14.279
38, 97.068, 0.885, 68.190, 14.439
39, 0.000, 0.828, 0.000, 0.000
40, 96.843, 0.828, 69.810, 13.516
1, 0.000, 0.100, 0.000, 0.000
2, 0.000, 0.300, 0.000, 0.000
3, 74.180, 0.500, 72.820, 0.680
4, 72.964, 0.700, 71.060, 0.952
5, 49.228, 0.900, 46.780, 1.224
6, 0.000, 0.565, 0.000, 0.000
7, 0.000, 0.500, 0.000, 0.000
8, 0.000, 0.500, 0.000, 0.000
9, 74.180, 0.500, 72.820, 0.680
10, 74.180, 0.500, 72.820, 0.680
11, 72.964, 0.700, 71.060, 0.952
12, 74.180, 0.500, 72.820, 0.680
13, 74.180, 0.500, 72.820, 0.680
14, 0.000, 0.700, 0.000, 0.000
15, 0.000, 0.900, 0.000, 0.000
16, 0.000, 0.900, 0.000, 0.000
17, 74.072, 0.556, 72.560, 0.756
18, 0.000, 0.556, 0.000, 0.000
19, 74.180, 0.500, 72.820, 0.680
20, 74.072, 0.556, 72.560, 0.756
21, 72.964, 0.700, 71.060, 0.952
22, 72.871, 0.700, 70.970, 0.950
23, 72.871, 0.700, 70.970, 0.950
24, 72.871, 0.700, 70.970, 0.950
25, 0.000, 0.700, 0.000, 0.000
26, 72.871, 0.700, 70.970, 0.950
27, 72.964, 0.700, 71.060, 0.952
28, 72.871, 0.700, 70.970, 0.950
29, 72.871, 0.700, 70.970, 0.950
30, 72.871, 0.700, 70.970, 0.950
31, 72.871, 0.700, 70.970, 0.950
32, 74.180, 0.500, 72.820, 0.680
33, 72.871, 0.700, 70.970, 0.950
34, 74.180, 0.500, 72.820, 0.680
35, 0.000, 0.556, 0.000, 0.000
36, 74.072, 0.556, 72.560, 0.756
37, 74.072, 0.556, 72.560, 0.756
38, 74.072, 0.556, 72.560, 0.756
39, 74.072, 0.556, 72.560, 0.756
40, 74.072, 0.556, 72.560, 0.756

 Final Sparsity: 84.13    Final Top1: 68.670
