

2019-04-06 00:28:12.506639
sparsity scale set to 200

351, 73.632, 0.100, 73.490, 0.071
2, 71.477, 0.300, 71.040, 0.219
3, 69.319, 0.500, 68.590, 0.364
4, 59.520, 0.700, 58.500, 0.510
5, 31.121, 0.900, 29.810, 0.656
6, 73.630, 0.145, 73.420, 0.105
7, 73.785, 0.122, 73.610, 0.087
8, 73.728, 0.117, 73.560, 0.084
9, 73.638, 0.131, 73.450, 0.094
10, 73.537, 0.157, 73.310, 0.113
11, 73.676, 0.088, 73.550, 0.063
12, 73.557, 0.075, 73.450, 0.053
13, 73.778, 0.123, 73.600, 0.089
14, 73.785, 0.121, 73.610, 0.087
15, 73.785, 0.121, 73.610, 0.087
16, 73.785, 0.121, 73.610, 0.087
17, 73.785, 0.121, 73.610, 0.087
18, 73.531, 0.051, 73.460, 0.036
19, 73.586, 0.025, 73.550, 0.018
20, 73.553, 0.010, 73.540, 0.006
21, 73.488, 0.193, 73.210, 0.139
22, 73.307, 0.225, 72.980, 0.164
23, 73.371, 0.209, 73.070, 0.151
24, 72.206, 0.252, 71.840, 0.183
25, 73.726, 0.177, 73.470, 0.128
26, 73.575, 0.038, 73.520, 0.028
27, 73.785, 0.121, 73.610, 0.087
28, 73.785, 0.121, 73.610, 0.087
29, 67.857, 0.376, 67.310, 0.274
30, 73.785, 0.121, 73.610, 0.087
31, 73.785, 0.121, 73.610, 0.087
32, 73.549, 0.171, 73.300, 0.125
33, 73.656, 0.183, 73.390, 0.133
34, 68.918, 0.583, 68.070, 0.424
35, 73.531, 0.063, 73.440, 0.045
36, 73.785, 0.121, 73.610, 0.087
37, 73.785, 0.121, 73.610, 0.087
38, 73.785, 0.121, 73.610, 0.087
39, 73.785, 0.122, 73.610, 0.087
40, 73.785, 0.121, 73.610, 0.087
1, 74.234, 0.100, 73.460, 0.387
2, 75.471, 0.300, 73.140, 1.166
3, 74.035, 0.500, 70.150, 1.943
4, 63.860, 0.700, 58.420, 2.720
5, 36.674, 0.900, 29.680, 3.497
6, 75.460, 0.234, 73.640, 0.910
7, 75.445, 0.268, 73.360, 1.043
8, 75.192, 0.384, 72.210, 1.491
9, 74.969, 0.178, 73.590, 0.690
10, 75.336, 0.339, 72.700, 1.318
11, 75.427, 0.248, 73.500, 0.963
12, 75.388, 0.287, 73.160, 1.114
13, 74.571, 0.434, 71.200, 1.685
14, 75.321, 0.316, 72.870, 1.226
15, 75.282, 0.211, 73.640, 0.821
16, 75.487, 0.360, 72.690, 1.399
17, 75.469, 0.355, 72.710, 1.379
18, 75.677, 0.364, 72.850, 1.413
19, 75.428, 0.373, 72.530, 1.449
20, 75.313, 0.407, 72.150, 1.582
21, 75.149, 0.194, 73.640, 0.754
22, 75.385, 0.223, 73.650, 0.868
23, 74.566, 0.150, 73.400, 0.583
24, 74.461, 0.125, 73.490, 0.486
25, 75.132, 0.397, 72.050, 1.541
26, 74.016, 0.467, 70.390, 1.813
27, 75.411, 0.259, 73.400, 1.005
28, 74.035, 0.064, 73.540, 0.248
29, 71.870, 0.538, 67.690, 2.090
30, 74.801, 0.419, 71.550, 1.625
31, 73.724, 0.026, 73.520, 0.102
32, 75.577, 0.347, 72.880, 1.349
33, 71.758, 0.607, 67.040, 2.359
34, 75.493, 0.277, 73.340, 1.077
35, 46.965, 0.791, 40.820, 3.073
36, 75.509, 0.367, 72.660, 1.425
37, 75.095, 0.327, 72.560, 1.268
38, 74.759, 0.165, 73.480, 0.639
39, 75.346, 0.307, 72.960, 1.193
40, 75.491, 0.241, 73.620, 0.936
1, 89.148, 0.100, 73.610, 7.769
2, 120.175, 0.300, 73.550, 23.312
3, 150.238, 0.500, 72.530, 38.854
4, 177.311, 0.700, 68.520, 54.395
5, 190.684, 0.900, 50.810, 69.937
6, 191.784, 0.869, 56.770, 67.507
7, 191.154, 0.859, 57.720, 66.717
8, 191.692, 0.877, 55.360, 68.166
9, 192.479, 0.871, 57.080, 67.700
10, 192.047, 0.873, 56.360, 67.844
11, 192.630, 0.871, 57.270, 67.680
12, 192.187, 0.870, 56.950, 67.619
13, 191.943, 0.875, 55.890, 68.027
14, 192.698, 0.871, 57.360, 67.669
15, 192.735, 0.871, 57.410, 67.662
16, 192.172, 0.876, 55.970, 68.101
17, 192.498, 0.871, 57.190, 67.654
18, 191.937, 0.869, 56.820, 67.559
19, 192.224, 0.876, 56.100, 68.062
20, 191.770, 0.877, 55.500, 68.135
21, 192.718, 0.871, 57.390, 67.664
22, 192.079, 0.870, 56.890, 67.594
23, 191.719, 0.869, 56.660, 67.530
24, 192.735, 0.871, 57.410, 67.662
25, 192.735, 0.871, 57.410, 67.662
26, 192.735, 0.871, 57.410, 67.662
27, 192.735, 0.871, 57.410, 67.662
28, 192.721, 0.871, 57.400, 67.661
29, 191.865, 0.876, 55.780, 68.043
30, 192.260, 0.876, 56.100, 68.080
31, 192.735, 0.871, 57.410, 67.662
32, 192.735, 0.871, 57.410, 67.662
33, 192.735, 0.871, 57.410, 67.662
34, 192.735, 0.871, 57.410, 67.662
35, 192.735, 0.871, 57.410, 67.662
36, 192.735, 0.871, 57.410, 67.662
37, 192.430, 0.871, 57.050, 67.690
38, 192.408, 0.871, 56.980, 67.714
39, 192.670, 0.871, 57.320, 67.675
40, 192.735, 0.871, 57.410, 67.662
1, 76.860, 0.100, 73.600, 1.630
2, 83.281, 0.300, 73.490, 4.896
3, 89.619, 0.500, 73.300, 8.159
4, 94.846, 0.700, 72.000, 11.423
5, 96.293, 0.900, 66.920, 14.687
6, 96.759, 0.829, 69.720, 13.520
7, 96.636, 0.849, 68.920, 13.858
8, 96.534, 0.800, 70.440, 13.047
9, 96.886, 0.824, 69.980, 13.453
10, 97.131, 0.875, 68.570, 14.280
11, 96.801, 0.868, 68.460, 14.170
12, 97.055, 0.885, 68.180, 14.437
13, 96.721, 0.812, 70.210, 13.256
14, 97.050, 0.879, 68.350, 14.350
15, 96.523, 0.890, 67.460, 14.531
16, 96.774, 0.840, 69.350, 13.712
17, 95.062, 0.916, 65.180, 14.941
18, 96.604, 0.785, 70.980, 12.812
19, 96.241, 0.771, 71.090, 12.576
20, 95.823, 0.752, 71.290, 12.266
21, 95.687, 0.731, 71.840, 11.923
22, 96.718, 0.819, 70.000, 13.359
23, 93.771, 0.653, 72.450, 10.661
24, 97.090, 0.873, 68.600, 14.245
25, 63.120, 0.990, 30.810, 16.155
26, 97.065, 0.875, 68.520, 14.272
27, 96.911, 0.792, 71.060, 12.925
28, 96.830, 0.845, 69.260, 13.785
29, 96.424, 0.778, 71.040, 12.692
30, 96.557, 0.806, 70.240, 13.158
31, 96.987, 0.835, 69.750, 13.618
32, 96.084, 0.761, 71.240, 12.422
33, 96.328, 0.858, 68.340, 13.994
34, 95.560, 0.741, 71.390, 12.085
35, 97.086, 0.877, 68.460, 14.313
36, 96.844, 0.795, 70.890, 12.977
37, 96.954, 0.882, 68.160, 14.397
38, 95.961, 0.906, 66.390, 14.785
39, 96.882, 0.871, 68.460, 14.211
40, 96.822, 0.863, 68.650, 14.086
1, 73.859, 0.100, 73.590, 0.134
2, 74.376, 0.300, 73.560, 0.408
3, 74.180, 0.500, 72.820, 0.680
4, 72.964, 0.700, 71.060, 0.952
5, 49.228, 0.900, 46.780, 1.224
6, 74.323, 0.296, 73.520, 0.401
7, 74.352, 0.476, 73.060, 0.646
8, 74.395, 0.352, 73.440, 0.478
9, 74.544, 0.414, 73.420, 0.562
10, 74.064, 0.164, 73.620, 0.222
11, 73.425, 0.610, 71.770, 0.827
12, 73.969, 0.217, 73.380, 0.295
13, 74.175, 0.440, 72.980, 0.597
14, 74.399, 0.387, 73.350, 0.525
15, 73.585, 0.018, 73.540, 0.023
16, 74.517, 0.327, 73.630, 0.444
17, 74.092, 0.553, 72.590, 0.751
18, 73.692, 0.060, 73.530, 0.081
19, 74.438, 0.404, 73.340, 0.549
20, 74.216, 0.253, 73.530, 0.343
21, 73.886, 0.135, 73.520, 0.183
22, 74.431, 0.317, 73.570, 0.431
23, 74.088, 0.529, 72.650, 0.719
24, 74.516, 0.338, 73.600, 0.458
25, 74.496, 0.421, 73.350, 0.573
26, 74.427, 0.371, 73.420, 0.503
27, 73.088, 0.654, 71.310, 0.889
28, 74.513, 0.332, 73.610, 0.452
29, 74.062, 0.189, 73.550, 0.256
30, 73.937, 0.577, 72.370, 0.784
31, 74.520, 0.416, 73.390, 0.565
32, 70.329, 0.758, 68.270, 1.030
33, 74.212, 0.270, 73.480, 0.366
34, 74.261, 0.486, 72.940, 0.661
35, 74.517, 0.411, 73.400, 0.559
36, 74.171, 0.236, 73.530, 0.321
37, 74.283, 0.461, 73.030, 0.627
38, 73.777, 0.080, 73.560, 0.108
39, 74.412, 0.428, 73.250, 0.581
40, 74.364, 0.363, 73.380, 0.492

 Final Sparsity: 84.01    Final Top1: 68.380


2019-04-15 00:52:18.897194
Compression scale set to 7

51, 100.970, 0.200, 73.010, 72.930, 0.144
2, 135.432, 0.200, 73.010, 60.620, 0.194
3, 93.642, 0.600, 65.470, 65.520, 0.435
4, 128.243, 0.600, 65.470, 53.250, 0.435
5, 57.954, 0.900, 29.810, 29.770, 0.654


2019-04-15 01:02:54.689104
Compression scale set to 3

301, 84.947, 0.200, 73.010, 72.930, 0.144
2, 92.692, 0.200, 73.010, 60.630, 0.194
3, 77.592, 0.600, 65.470, 65.540, 0.435
4, 85.390, 0.600, 65.470, 53.250, 0.435
5, 41.849, 0.900, 29.810, 29.770, 0.654
6, 92.909, 0.085, 73.550, 60.860, 0.152
7, 92.899, 0.090, 73.500, 60.850, 0.153
8, 92.912, 0.112, 73.650, 60.860, 0.161
9, 92.693, 0.204, 73.050, 60.630, 0.196
10, 92.908, 0.164, 73.260, 60.850, 0.180
11, 92.907, 0.162, 73.430, 60.850, 0.179
12, 92.914, 0.130, 73.450, 60.860, 0.168
13, 92.912, 0.117, 73.560, 60.860, 0.163
14, 92.903, 0.121, 73.610, 60.850, 0.165
15, 92.895, 0.053, 73.470, 60.850, 0.140
16, 92.898, 0.076, 73.400, 60.850, 0.148
17, 92.906, 0.147, 73.450, 60.850, 0.174
18, 92.893, 0.037, 73.550, 60.850, 0.134
19, 92.908, 0.078, 73.410, 60.860, 0.149
20, 87.387, 0.098, 73.490, 39.260, 0.264
21, 92.952, 0.194, 73.080, 60.890, 0.192
22, 92.896, 0.225, 72.980, 60.830, 0.205
23, 92.683, 0.206, 72.940, 60.620, 0.197
24, 93.224, 0.278, 70.460, 61.150, 0.230
25, 92.615, 0.334, 69.230, 60.530, 0.264
26, 92.630, 0.311, 69.630, 60.550, 0.249
27, 92.890, 0.014, 73.560, 60.850, 0.126
28, 92.908, 0.082, 73.440, 60.860, 0.150
29, 92.890, 0.010, 73.540, 60.850, 0.124
30, 92.896, 0.061, 73.490, 60.850, 0.143
31, 92.898, 0.163, 73.260, 60.840, 0.180
32, 92.894, 0.134, 73.430, 60.840, 0.169
33, 92.900, 0.016, 73.560, 60.860, 0.126
34, 92.908, 0.080, 73.410, 60.860, 0.149
35, 92.683, 0.203, 73.050, 60.620, 0.196
1, 85.643, 0.200, 73.570, 73.550, 0.773
2, 103.423, 0.200, 73.570, 71.020, 1.243
3, 79.945, 0.600, 67.660, 67.660, 2.322
4, 100.651, 0.600, 67.660, 67.890, 2.322
5, 42.123, 0.900, 29.680, 29.690, 3.484
6, 103.442, 0.230, 73.490, 71.020, 1.301
7, 103.433, 0.216, 73.600, 71.020, 1.274
8, 103.433, 0.215, 73.630, 71.020, 1.273
9, 103.485, 0.297, 73.120, 71.020, 1.432
10, 103.499, 0.303, 73.010, 71.030, 1.443
11, 103.600, 0.363, 72.810, 71.090, 1.568
12, 103.613, 0.406, 72.240, 71.070, 1.668
13, 103.866, 0.423, 71.690, 71.310, 1.709
14, 103.971, 0.427, 71.480, 71.410, 1.722
15, 103.557, 0.455, 70.870, 70.970, 1.801
16, 103.653, 0.380, 72.250, 71.130, 1.607
17, 103.168, 0.400, 72.040, 70.630, 1.652
18, 103.545, 0.409, 72.130, 71.000, 1.675
19, 103.628, 0.332, 72.470, 71.140, 1.502
20, 103.977, 0.423, 71.740, 71.420, 1.710
21, 103.565, 0.383, 72.270, 71.040, 1.613
22, 103.469, 0.272, 73.230, 71.020, 1.383
23, 103.974, 0.431, 71.440, 71.410, 1.732
24, 103.459, 0.319, 72.890, 70.980, 1.475
25, 103.465, 0.282, 73.280, 71.010, 1.402
26, 103.633, 0.354, 72.750, 71.130, 1.549
27, 103.759, 0.347, 72.890, 71.260, 1.535
28, 103.484, 0.408, 72.100, 70.940, 1.672
29, 103.640, 0.336, 72.390, 71.150, 1.510
30, 103.444, 0.310, 72.890, 70.970, 1.459
31, 103.566, 0.385, 72.200, 71.040, 1.617
32, 103.450, 0.320, 72.710, 70.970, 1.478
33, 103.651, 0.377, 72.520, 71.130, 1.601
34, 103.450, 0.320, 72.810, 70.970, 1.477
35, 96.210, 0.403, 71.940, 71.830, 1.558
1, 87.748, 0.200, 73.580, 73.550, 15.481
2, 114.033, 0.200, 73.580, 72.760, 22.467
3, 93.819, 0.600, 71.400, 71.410, 46.451
4, 131.039, 0.600, 71.400, 71.280, 46.451
5, 90.333, 0.900, 50.810, 50.760, 69.676
6, 130.858, 0.604, 71.270, 70.790, 46.727
7, 133.453, 0.634, 70.780, 70.560, 49.120
8, 139.058, 0.720, 67.040, 66.740, 55.751
9, 147.277, 0.806, 61.860, 62.150, 62.409
10, 154.724, 0.870, 56.920, 56.780, 67.328
11, 161.198, 0.941, 43.200, 43.340, 72.849
12, 162.146, 0.990, 25.000, 25.040, 76.660
13, 162.146, 0.990, 25.000, 25.040, 76.660
14, 160.850, 0.982, 27.040, 27.180, 76.060
15, 162.146, 0.990, 25.000, 25.040, 76.660
16, 162.146, 0.990, 25.000, 25.040, 76.660
17, 162.146, 0.990, 25.000, 25.040, 76.660
18, 162.146, 0.990, 25.000, 25.040, 76.660
19, 162.146, 0.990, 25.000, 25.040, 76.660
20, 162.146, 0.990, 25.000, 25.040, 76.660
21, 162.146, 0.990, 25.000, 25.040, 76.660
22, 162.146, 0.990, 25.000, 25.040, 76.660
23, 162.146, 0.990, 25.000, 25.040, 76.660
24, 162.126, 0.990, 25.000, 25.020, 76.660
25, 162.116, 0.990, 25.000, 25.010, 76.660
26, 162.146, 0.990, 25.000, 25.040, 76.660
27, 162.136, 0.990, 25.000, 25.030, 76.660
28, 162.146, 0.990, 25.000, 25.040, 76.660
29, 162.146, 0.990, 25.000, 25.040, 76.660
30, 162.146, 0.990, 25.000, 25.040, 76.660
31, 160.585, 0.985, 25.550, 25.730, 76.271
32, 162.146, 0.990, 25.000, 25.040, 76.660
33, 160.997, 0.988, 24.940, 24.930, 76.482
34, 162.146, 0.990, 25.000, 25.040, 76.660
35, 162.146, 0.990, 25.000, 25.040, 76.660
1, 86.103, 0.200, 73.690, 73.700, 3.250
2, 106.555, 0.200, 73.690, 73.210, 4.034
3, 86.327, 0.600, 73.000, 73.030, 9.754
4, 107.909, 0.600, 73.000, 72.450, 9.754
5, 80.977, 0.900, 66.920, 66.920, 14.631
6, 107.594, 0.441, 73.230, 73.120, 7.175
7, 108.150, 0.558, 73.010, 72.960, 9.065
8, 107.759, 0.617, 72.570, 72.190, 10.033
9, 107.955, 0.484, 73.260, 73.220, 7.873
10, 108.102, 0.534, 73.140, 73.060, 8.681
11, 108.044, 0.542, 73.120, 72.950, 8.817
12, 107.143, 0.351, 73.500, 73.200, 5.724
13, 107.819, 0.572, 72.860, 72.540, 9.294
14, 108.072, 0.673, 72.240, 72.140, 10.944
15, 107.926, 0.600, 72.940, 72.470, 9.747
16, 107.967, 0.677, 72.100, 72.010, 11.004
17, 107.586, 0.452, 73.230, 73.050, 7.343
18, 107.955, 0.634, 72.740, 72.280, 10.301
19, 107.684, 0.775, 71.000, 71.070, 12.602
20, 107.781, 0.474, 73.210, 73.110, 7.704
21, 107.846, 0.700, 71.990, 71.740, 11.371
22, 107.994, 0.520, 73.230, 73.040, 8.451
23, 107.818, 0.578, 72.950, 72.500, 9.394
24, 107.542, 0.421, 73.520, 73.190, 6.846
25, 107.786, 0.778, 70.990, 71.150, 12.654
26, 107.551, 0.448, 73.240, 73.040, 7.275
27, 107.903, 0.587, 72.930, 72.530, 9.536
28, 107.932, 0.713, 72.190, 71.740, 11.583
29, 107.977, 0.675, 72.210, 72.030, 10.980
30, 107.087, 0.812, 70.190, 70.220, 13.200
31, 124.654, 0.525, 73.200, 71.750, 9.269
32, 124.642, 0.507, 73.250, 71.830, 9.111
33, 124.620, 0.522, 73.220, 71.730, 9.245
34, 124.628, 0.514, 73.160, 71.780, 9.174
35, 124.583, 0.519, 73.240, 71.710, 9.217
1, 85.502, 0.200, 73.480, 73.470, 0.269
2, 105.544, 0.200, 73.480, 73.450, 0.292
3, 84.248, 0.600, 72.180, 72.150, 0.813
4, 104.182, 0.600, 72.180, 71.920, 0.813
5, 58.888, 0.900, 46.780, 46.740, 1.220
6, 105.365, 0.263, 73.520, 73.250, 0.358
7, 105.381, 0.224, 73.510, 73.280, 0.314
8, 105.381, 0.225, 73.510, 73.280, 0.314
9, 104.763, 0.442, 73.000, 72.570, 0.598
10, 105.544, 0.154, 73.600, 73.460, 0.260
11, 105.545, 0.160, 73.630, 73.460, 0.264
12, 105.548, 0.174, 73.600, 73.460, 0.274
13, 105.527, 0.080, 73.560, 73.460, 0.210
14, 105.535, 0.115, 73.520, 73.460, 0.234
15, 105.510, 0.044, 73.550, 73.450, 0.186
16, 105.512, 0.010, 73.540, 73.460, 0.163
17, 105.117, 0.339, 73.590, 72.970, 0.458
18, 105.542, 0.055, 73.550, 73.480, 0.194
19, 105.512, 0.010, 73.540, 73.460, 0.163
20, 105.515, 0.068, 73.540, 73.450, 0.202
21, 105.512, 0.010, 73.540, 73.460, 0.163
22, 105.526, 0.074, 73.550, 73.460, 0.206
23, 105.512, 0.010, 73.540, 73.460, 0.163
24, 105.532, 0.100, 73.590, 73.460, 0.224
25, 105.506, 0.026, 73.540, 73.450, 0.173
26, 119.425, 0.134, 73.490, 71.210, 0.445
27, 119.425, 0.166, 73.610, 71.200, 0.467
28, 119.433, 0.158, 73.620, 71.210, 0.462
29, 119.425, 0.135, 73.520, 71.210, 0.446
30, 119.429, 0.146, 73.520, 71.210, 0.453
31, 119.430, 0.152, 73.580, 71.210, 0.457
32, 119.429, 0.147, 73.520, 71.210, 0.454
33, 119.430, 0.150, 73.590, 71.210, 0.456
34, 119.438, 0.174, 73.600, 71.210, 0.473
35, 119.427, 0.140, 73.520, 71.210, 0.449

 Final Sparsity: 87.59    Final Top1: 62.200


2019-04-15 01:57:35.494057
Compression scale set to 1.5

21, 78.939, 0.200, 73.010, 72.930, 0.144
2, 47.366, 0.946, 22.030, 23.200, 0.688
3, 76.875, 0.106, 73.600, 60.850, 0.159
1, 79.597, 0.200, 73.570, 73.550, 0.773
2, 42.772, 0.946, 17.410, 17.860, 3.661
3, 87.192, 0.106, 73.410, 71.020, 1.062
1, 80.649, 0.200, 73.580, 73.550, 15.481
2, 131.483, 0.946, 42.160, 41.760, 73.251
3, 92.402, 0.106, 73.580, 72.830, 18.251
1, 79.902, 0.200, 73.690, 73.700, 3.250
2, 87.745, 0.946, 60.450, 59.380, 15.387
3, 89.751, 0.106, 73.580, 73.210, 3.271
1, 79.486, 0.200, 73.480, 73.470, 0.269
2, 61.102, 0.946, 39.610, 36.790, 1.282
3, 89.497, 0.106, 73.570, 73.460, 0.228


2019-04-15 02:15:18.363996
Compression scale set to 1.5

01, 78.929, 0.200, 73.010, 72.920, 0.144
1, 79.597, 0.200, 73.570, 73.550, 0.773
1, 80.649, 0.200, 73.580, 73.550, 15.481
1, 79.902, 0.200, 73.690, 73.700, 3.250
1, 79.486, 0.200, 73.480, 73.470, 0.269

 Final Sparsity: 19.93    Final Top1: 74.160


2019-04-15 02:31:28.664486
Compression scale set to 1.25

501, 59.350, 0.200, 73.010, 39.290, 0.300
2, 80.436, 0.200, 73.010, 70.420, 0.155
3, 77.937, 0.200, 73.010, 72.930, 0.144
4, 49.352, 0.900, 29.810, 29.220, 0.654
5, 34.803, 0.900, 29.810, 29.770, 0.654
6, 74.194, 0.085, 73.550, 60.840, 0.152
7, 74.195, 0.106, 73.600, 60.840, 0.159
8, 63.533, 0.499, 68.120, 43.450, 0.414
9, 40.158, 0.813, 34.370, 34.410, 0.589
10, 80.355, 0.195, 73.080, 70.340, 0.152
11, 80.058, 0.237, 72.920, 70.040, 0.176
12, 80.503, 0.153, 73.340, 70.490, 0.127
13, 80.524, 0.172, 73.300, 70.510, 0.140
14, 80.374, 0.167, 73.310, 70.360, 0.136
15, 80.650, 0.107, 73.670, 70.640, 0.104
16, 80.612, 0.129, 73.450, 70.600, 0.115
17, 80.618, 0.042, 73.500, 70.610, 0.080
18, 80.619, 0.079, 73.410, 70.610, 0.093
19, 80.618, 0.034, 73.530, 70.610, 0.077
20, 80.619, 0.062, 73.490, 70.610, 0.086
21, 80.617, 0.010, 73.540, 70.610, 0.068
22, 80.617, 0.010, 73.540, 70.610, 0.068
23, 80.587, 0.010, 73.540, 70.580, 0.068
24, 80.597, 0.010, 73.540, 70.590, 0.068
25, 80.618, 0.049, 73.460, 70.610, 0.082
26, 80.617, 0.010, 73.540, 70.610, 0.068
27, 78.520, 0.012, 73.540, 73.520, 0.008
28, 80.618, 0.041, 73.580, 70.610, 0.079
29, 80.618, 0.055, 73.470, 70.610, 0.084
30, 80.618, 0.046, 73.520, 70.610, 0.081
31, 80.607, 0.016, 73.520, 70.600, 0.070
32, 80.607, 0.023, 73.560, 70.600, 0.073
33, 80.619, 0.070, 73.430, 70.610, 0.090
34, 80.618, 0.053, 73.470, 70.610, 0.084
35, 80.617, 0.028, 73.520, 70.610, 0.074
36, 80.618, 0.041, 73.580, 70.610, 0.079
37, 80.619, 0.078, 73.410, 70.610, 0.093
38, 80.612, 0.135, 73.430, 70.600, 0.118
39, 80.611, 0.125, 73.560, 70.600, 0.114
40, 80.610, 0.095, 73.460, 70.600, 0.098
41, 80.607, 0.010, 73.540, 70.600, 0.068
42, 80.571, 0.119, 73.620, 70.560, 0.110
43, 80.617, 0.010, 73.540, 70.610, 0.068
44, 80.618, 0.052, 73.470, 70.610, 0.083
45, 80.571, 0.119, 73.620, 70.560, 0.110
46, 80.207, 0.218, 72.920, 70.190, 0.166
47, 80.571, 0.115, 73.630, 70.560, 0.108
48, 80.640, 0.101, 73.510, 70.630, 0.102
49, 80.619, 0.084, 73.500, 70.610, 0.094
50, 80.650, 0.105, 73.600, 70.640, 0.103
51, 80.620, 0.090, 73.500, 70.610, 0.097
52, 80.650, 0.101, 73.510, 70.640, 0.102
53, 80.571, 0.118, 73.560, 70.560, 0.109
54, 74.207, 0.150, 73.410, 60.850, 0.175
55, 80.524, 0.173, 73.300, 70.510, 0.140
1, 72.671, 0.200, 73.570, 52.290, 1.871
2, 82.844, 0.200, 73.570, 72.760, 0.833
3, 78.589, 0.200, 73.570, 73.550, 0.773
4, 51.712, 0.900, 29.680, 30.990, 3.484
5, 34.870, 0.900, 29.680, 29.690, 3.484
6, 84.481, 0.085, 73.450, 71.010, 1.021
7, 84.481, 0.084, 73.480, 71.010, 1.019
8, 84.496, 0.104, 73.430, 71.020, 1.057
9, 84.493, 0.094, 73.460, 71.020, 1.039
10, 84.499, 0.114, 73.400, 71.020, 1.078
11, 84.503, 0.133, 73.460, 71.020, 1.114
12, 84.508, 0.150, 73.430, 71.020, 1.147
13, 84.506, 0.180, 73.590, 71.010, 1.206
14, 84.521, 0.200, 73.640, 71.020, 1.245
15, 84.531, 0.239, 73.660, 71.020, 1.318
16, 84.539, 0.265, 73.400, 71.020, 1.371
17, 84.560, 0.307, 72.960, 71.030, 1.452
18, 84.649, 0.341, 72.720, 71.110, 1.521
19, 84.500, 0.407, 72.150, 70.940, 1.671
20, 84.596, 0.365, 72.730, 71.050, 1.572
21, 84.684, 0.356, 72.750, 71.140, 1.553
22, 84.500, 0.309, 72.970, 70.970, 1.456
23, 84.656, 0.363, 72.810, 71.110, 1.569
24, 84.290, 0.460, 70.420, 70.710, 1.819
25, 84.676, 0.331, 72.490, 71.140, 1.501
26, 84.680, 0.378, 72.500, 71.130, 1.602
27, 84.606, 0.364, 72.850, 71.060, 1.572
28, 84.875, 0.422, 71.570, 71.310, 1.706
29, 84.386, 0.396, 71.960, 70.830, 1.643
30, 84.490, 0.407, 72.130, 70.930, 1.669
31, 84.502, 0.316, 72.960, 70.970, 1.470
32, 83.677, 0.476, 69.980, 70.090, 1.868
33, 84.688, 0.369, 72.630, 71.140, 1.582
34, 84.951, 0.439, 71.070, 71.380, 1.751
35, 85.066, 0.424, 71.650, 71.500, 1.714
36, 83.174, 0.489, 69.900, 69.580, 1.914
37, 84.677, 0.367, 72.660, 71.130, 1.578
38, 84.228, 0.402, 72.050, 70.670, 1.656
39, 84.611, 0.412, 72.240, 71.050, 1.681
40, 84.390, 0.458, 70.670, 70.810, 1.814
41, 84.537, 0.296, 73.180, 71.010, 1.429
42, 84.559, 0.303, 72.970, 71.030, 1.444
43, 84.682, 0.350, 72.900, 71.140, 1.543
44, 84.793, 0.416, 71.670, 71.230, 1.691
45, 84.511, 0.200, 73.640, 71.010, 1.244
46, 84.491, 0.124, 73.440, 71.010, 1.096
47, 84.509, 0.154, 73.450, 71.020, 1.155
48, 84.527, 0.221, 73.700, 71.020, 1.285
49, 84.520, 0.195, 73.640, 71.020, 1.233
50, 84.502, 0.129, 73.420, 71.020, 1.106
51, 84.485, 0.063, 73.520, 71.020, 0.979
52, 84.476, 0.027, 73.530, 71.020, 0.910
53, 84.522, 0.203, 73.640, 71.020, 1.249
54, 84.499, 0.117, 73.420, 71.020, 1.083
55, 84.478, 0.036, 73.510, 71.020, 0.927
1, 97.143, 0.200, 73.580, 66.050, 35.677
2, 85.295, 0.200, 73.580, 73.400, 15.932
3, 79.466, 0.200, 73.580, 73.550, 15.481
4, 118.855, 0.900, 50.810, 52.900, 69.676
5, 67.259, 0.900, 50.810, 50.770, 69.676
6, 116.784, 0.941, 43.170, 43.210, 72.816
7, 118.650, 0.899, 50.980, 52.880, 69.591
8, 118.686, 0.894, 51.800, 53.760, 69.196
9, 118.679, 0.906, 49.660, 51.680, 70.149
10, 118.429, 0.900, 50.650, 52.520, 69.655
11, 119.100, 0.891, 52.990, 54.630, 68.978
12, 118.889, 0.898, 51.070, 53.210, 69.549
13, 118.532, 0.895, 51.650, 53.480, 69.255
14, 119.563, 0.885, 53.820, 56.060, 68.505
15, 119.462, 0.905, 50.350, 52.640, 70.070
16, 119.310, 0.890, 53.110, 54.920, 68.939
17, 119.739, 0.885, 53.980, 56.210, 68.518
18, 119.369, 0.886, 53.430, 55.700, 68.588
19, 120.121, 0.882, 54.340, 57.060, 68.285
20, 118.583, 0.900, 50.710, 52.610, 69.684
21, 119.953, 0.880, 54.800, 57.180, 68.139
22, 119.440, 0.889, 53.390, 55.280, 68.828
23, 120.231, 0.882, 54.420, 57.180, 68.280
24, 119.061, 0.888, 53.300, 55.070, 68.746
25, 119.234, 0.883, 53.770, 56.080, 68.331
26, 118.537, 0.894, 51.610, 53.580, 69.210
27, 120.480, 0.879, 55.080, 57.830, 68.076
28, 120.266, 0.881, 54.870, 57.330, 68.222
29, 120.367, 0.877, 55.500, 58.010, 67.926
30, 120.743, 0.876, 55.800, 58.530, 67.852
31, 120.383, 0.877, 55.560, 58.020, 67.930
32, 120.238, 0.878, 54.970, 57.730, 68.004
33, 120.029, 0.882, 54.420, 57.000, 68.268
34, 120.577, 0.875, 55.760, 58.560, 67.751
35, 120.910, 0.873, 56.180, 59.180, 67.601
36, 120.822, 0.873, 56.330, 59.120, 67.586
37, 120.786, 0.874, 56.270, 58.930, 67.667
38, 120.827, 0.873, 56.150, 59.070, 67.615
39, 120.687, 0.875, 56.140, 58.760, 67.704
40, 120.572, 0.870, 56.920, 59.360, 67.327
41, 120.893, 0.870, 56.950, 59.590, 67.375
42, 120.482, 0.875, 56.130, 58.490, 67.738
43, 121.349, 0.871, 57.410, 59.980, 67.410
44, 120.901, 0.873, 56.270, 59.150, 67.612
45, 121.447, 0.871, 57.100, 60.020, 67.441
46, 120.937, 0.870, 56.960, 59.610, 67.388
47, 120.562, 0.869, 56.910, 59.380, 67.310
48, 120.311, 0.867, 56.590, 59.460, 67.133
49, 121.012, 0.872, 56.630, 59.420, 67.528
50, 121.357, 0.871, 57.310, 59.960, 67.425
51, 121.188, 0.872, 56.830, 59.670, 67.489
52, 120.315, 0.868, 56.510, 59.350, 67.194
53, 120.430, 0.868, 56.490, 59.480, 67.186
54, 121.154, 0.872, 56.880, 59.660, 67.477
55, 120.334, 0.876, 55.790, 58.240, 67.791
1, 93.205, 0.200, 73.690, 71.790, 6.607
2, 84.186, 0.200, 73.690, 73.850, 3.250
3, 78.868, 0.200, 73.690, 73.700, 3.250
4, 90.298, 0.900, 66.920, 66.870, 14.631
5, 72.777, 0.900, 66.920, 66.920, 14.631
6, 93.468, 0.345, 73.510, 71.780, 7.785
7, 93.232, 0.220, 73.670, 71.780, 6.768
8, 93.339, 0.282, 73.400, 71.770, 7.276
9, 93.720, 0.459, 73.140, 71.810, 8.718
10, 93.545, 0.385, 73.510, 71.780, 8.111
11, 93.550, 0.392, 73.500, 71.770, 8.172
12, 87.195, 0.634, 72.710, 72.330, 10.305
13, 93.752, 0.515, 73.140, 71.730, 9.181
14, 93.235, 0.227, 73.590, 71.770, 6.825
15, 93.780, 0.474, 73.240, 71.840, 8.843
16, 93.812, 0.485, 73.260, 71.850, 8.932
17, 93.531, 0.382, 73.460, 71.770, 8.091
18, 92.847, 0.010, 73.540, 71.780, 5.063
19, 93.973, 0.569, 72.930, 71.830, 9.678
20, 94.079, 0.590, 72.890, 71.880, 9.906
21, 94.062, 0.633, 72.630, 71.730, 10.441
22, 94.114, 0.633, 72.700, 71.780, 10.449
23, 93.965, 0.624, 72.640, 71.660, 10.334
24, 94.031, 0.623, 72.600, 71.730, 10.318
25, 93.868, 0.716, 71.990, 71.230, 11.652
26, 93.395, 0.312, 73.570, 71.770, 7.515
27, 92.944, 0.064, 73.530, 71.780, 5.502
28, 93.990, 0.653, 72.420, 71.590, 10.713
29, 93.874, 0.544, 73.110, 71.790, 9.436
30, 94.079, 0.667, 72.380, 71.630, 10.911
31, 93.867, 0.726, 71.830, 71.190, 11.805
32, 87.063, 0.257, 73.470, 73.100, 4.512
33, 93.171, 0.187, 73.620, 71.780, 6.502
34, 93.083, 0.140, 73.690, 71.780, 6.118
35, 94.125, 0.581, 72.910, 71.950, 9.810
36, 92.728, 0.823, 69.830, 69.640, 13.375
37, 93.601, 0.414, 73.430, 71.780, 8.345
38, 92.901, 0.034, 73.540, 71.790, 5.261
39, 93.590, 0.408, 73.370, 71.780, 8.298
40, 93.667, 0.693, 72.130, 71.120, 11.295
41, 94.018, 0.628, 72.670, 71.700, 10.385
42, 53.477, 0.983, 45.570, 45.540, 16.008
43, 93.740, 0.696, 72.040, 71.180, 11.349
44, 93.427, 0.783, 71.000, 70.510, 12.729
45, 94.003, 0.702, 72.080, 71.420, 11.437
46, 93.771, 0.470, 73.170, 71.840, 8.806
47, 93.918, 0.625, 72.630, 71.610, 10.346
48, 93.018, 0.104, 73.590, 71.780, 5.830
49, 93.417, 0.318, 73.440, 71.780, 7.568
50, 93.889, 0.546, 73.170, 71.800, 9.458
51, 94.124, 0.581, 72.900, 71.950, 9.802
52, 93.887, 0.545, 73.150, 71.800, 9.447
53, 93.618, 0.423, 73.500, 71.780, 8.419
54, 94.178, 0.610, 72.660, 71.920, 10.144
55, 94.180, 0.611, 72.660, 71.920, 10.154
1, 91.308, 0.200, 73.480, 71.210, 0.489
2, 83.627, 0.200, 73.480, 73.600, 0.269
3, 78.484, 0.200, 73.480, 73.470, 0.269
4, 68.447, 0.900, 46.780, 48.200, 1.220
5, 51.752, 0.900, 46.780, 46.690, 1.220
6, 86.822, 0.085, 73.550, 73.460, 0.214
7, 91.308, 0.197, 73.480, 71.210, 0.488
8, 91.303, 0.161, 73.630, 71.210, 0.463
9, 91.306, 0.181, 73.570, 71.210, 0.477
10, 91.299, 0.130, 73.490, 71.210, 0.443
11, 91.293, 0.090, 73.560, 71.210, 0.415
12, 91.291, 0.071, 73.560, 71.210, 0.402
13, 91.274, 0.020, 73.540, 71.200, 0.368
14, 91.283, 0.010, 73.540, 71.210, 0.361
15, 91.281, 0.076, 73.540, 71.200, 0.406
16, 91.305, 0.173, 73.580, 71.210, 0.472
17, 91.299, 0.132, 73.490, 71.210, 0.444
18, 91.310, 0.208, 73.440, 71.210, 0.495
19, 91.305, 0.176, 73.560, 71.210, 0.474
20, 91.283, 0.010, 73.540, 71.210, 0.361
21, 91.283, 0.010, 73.540, 71.210, 0.361
22, 91.300, 0.141, 73.520, 71.210, 0.450
23, 91.300, 0.209, 73.440, 71.200, 0.496
24, 91.312, 0.228, 73.500, 71.210, 0.509
25, 91.308, 0.194, 73.510, 71.210, 0.485
26, 91.292, 0.078, 73.540, 71.210, 0.407
27, 91.302, 0.150, 73.590, 71.210, 0.456
28, 91.314, 0.242, 73.530, 71.210, 0.518
29, 91.305, 0.251, 73.530, 71.200, 0.524
30, 91.288, 0.050, 73.550, 71.210, 0.389
31, 91.304, 0.169, 73.600, 71.210, 0.469
32, 91.297, 0.119, 73.490, 71.210, 0.435
33, 91.314, 0.244, 73.520, 71.210, 0.519
34, 91.313, 0.235, 73.500, 71.210, 0.514
35, 91.301, 0.220, 73.370, 71.200, 0.503
36, 17.038, 0.990, 10.280, 10.280, 1.346
37, 91.318, 0.267, 73.520, 71.210, 0.535
38, 91.316, 0.258, 73.540, 71.210, 0.529
39, 91.311, 0.217, 73.380, 71.210, 0.502
40, 91.303, 0.232, 73.490, 71.200, 0.511
41, 91.320, 0.287, 73.520, 71.210, 0.548
42, 91.324, 0.316, 73.550, 71.210, 0.568
43, 91.320, 0.285, 73.580, 71.210, 0.548
44, 91.331, 0.361, 73.370, 71.210, 0.599
45, 91.329, 0.351, 73.450, 71.210, 0.592
46, 91.316, 0.326, 73.630, 71.200, 0.576
47, 91.335, 0.396, 73.290, 71.210, 0.623
48, 86.170, 0.476, 73.060, 72.750, 0.643
49, 91.329, 0.352, 73.440, 71.210, 0.593
50, 91.336, 0.402, 73.270, 71.210, 0.627
51, 91.333, 0.376, 73.370, 71.210, 0.609
52, 91.321, 0.362, 73.380, 71.200, 0.600
53, 91.328, 0.346, 73.450, 71.210, 0.589
54, 91.329, 0.423, 73.350, 71.200, 0.642
55, 91.317, 0.332, 73.610, 71.200, 0.580

 Final Sparsity: 80.59    Final Top1: 65.570


2019-04-15 03:48:41.791956
Compression scale set to 1

501, 55.338, 0.200, 73.010, 39.290, 0.300
2, 78.462, 0.200, 73.010, 70.450, 0.155
3, 76.936, 0.200, 73.010, 72.930, 0.144
4, 45.325, 0.900, 29.810, 29.220, 0.654
5, 33.796, 0.900, 29.810, 29.770, 0.654
6, 71.533, 0.085, 73.550, 60.850, 0.152
7, 71.534, 0.106, 73.600, 60.850, 0.159
8, 59.527, 0.499, 68.120, 43.460, 0.414
9, 39.008, 0.813, 34.370, 34.410, 0.589
10, 78.462, 0.196, 73.110, 70.450, 0.154
11, 77.614, 0.233, 72.940, 69.600, 0.173
12, 78.659, 0.122, 73.610, 70.650, 0.111
13, 78.590, 0.156, 73.310, 70.580, 0.130
14, 78.569, 0.112, 73.650, 70.560, 0.107
15, 78.618, 0.088, 73.550, 70.610, 0.096
16, 78.569, 0.114, 73.630, 70.560, 0.108
17, 78.648, 0.107, 73.670, 70.640, 0.104
18, 78.609, 0.125, 73.560, 70.600, 0.114
19, 78.617, 0.065, 73.440, 70.610, 0.088
20, 78.617, 0.080, 73.410, 70.610, 0.093
21, 78.618, 0.091, 73.500, 70.610, 0.097
22, 78.500, 0.150, 73.410, 70.490, 0.126
23, 78.618, 0.093, 73.400, 70.610, 0.098
24, 78.616, 0.046, 73.520, 70.610, 0.081
25, 78.617, 0.065, 73.440, 70.610, 0.088
26, 78.617, 0.055, 73.470, 70.610, 0.084
27, 78.615, 0.010, 73.540, 70.610, 0.068
28, 78.616, 0.037, 73.550, 70.610, 0.077
29, 78.616, 0.016, 73.520, 70.610, 0.070
30, 78.618, 0.090, 73.500, 70.610, 0.097
31, 78.609, 0.134, 73.430, 70.600, 0.118
32, 78.587, 0.068, 73.410, 70.580, 0.089
33, 78.616, 0.034, 73.530, 70.610, 0.077
34, 78.590, 0.140, 73.380, 70.580, 0.120
35, 78.492, 0.191, 73.210, 70.480, 0.151
36, 78.618, 0.093, 73.400, 70.610, 0.098
37, 78.617, 0.065, 73.440, 70.610, 0.088
38, 78.511, 0.159, 73.300, 70.500, 0.131
39, 79.524, 0.075, 73.450, 73.120, 0.065
40, 79.543, 0.037, 73.550, 73.140, 0.048
41, 79.426, 0.114, 73.630, 73.020, 0.087
42, 79.542, 0.010, 73.540, 73.140, 0.039
43, 79.574, 0.062, 73.490, 73.170, 0.058
44, 79.524, 0.071, 73.400, 73.120, 0.065
45, 79.542, 0.010, 73.540, 73.140, 0.039
46, 79.523, 0.048, 73.500, 73.120, 0.052
47, 79.187, 0.149, 73.410, 72.780, 0.110
48, 79.594, 0.064, 73.440, 73.190, 0.060
49, 79.542, 0.010, 73.540, 73.140, 0.039
50, 79.543, 0.038, 73.550, 73.140, 0.048
51, 79.257, 0.140, 73.380, 72.850, 0.103
52, 79.542, 0.010, 73.540, 73.140, 0.039
53, 79.543, 0.044, 73.500, 73.140, 0.051
54, 79.542, 0.010, 73.540, 73.140, 0.039
55, 79.545, 0.090, 73.500, 73.140, 0.073
1, 68.585, 0.200, 73.570, 52.280, 1.871
2, 80.827, 0.200, 73.570, 72.760, 0.833
3, 77.581, 0.200, 73.570, 73.550, 0.773
4, 47.577, 0.900, 29.680, 31.000, 3.484
5, 33.824, 0.900, 29.680, 29.680, 3.484
6, 81.797, 0.085, 73.450, 71.020, 1.021
7, 81.797, 0.084, 73.480, 71.020, 1.019
8, 81.790, 0.103, 73.450, 71.010, 1.056
9, 81.798, 0.093, 73.480, 71.020, 1.037
10, 81.801, 0.106, 73.400, 71.020, 1.061
11, 81.806, 0.128, 73.460, 71.020, 1.104
12, 81.798, 0.137, 73.370, 71.010, 1.122
13, 81.815, 0.169, 73.450, 71.020, 1.185
14, 81.817, 0.183, 73.570, 71.020, 1.210
15, 81.826, 0.224, 73.560, 71.020, 1.290
16, 81.831, 0.245, 73.510, 71.020, 1.331
17, 81.840, 0.291, 73.290, 71.020, 1.419
18, 81.806, 0.316, 72.870, 70.980, 1.469
19, 81.916, 0.362, 72.800, 71.080, 1.566
20, 82.162, 0.422, 71.650, 71.310, 1.707
21, 80.863, 0.485, 69.920, 69.990, 1.899
22, 81.892, 0.454, 71.000, 71.030, 1.799
23, 81.753, 0.390, 72.120, 70.910, 1.627
24, 82.162, 0.421, 71.580, 71.310, 1.705
25, 82.060, 0.449, 70.910, 71.200, 1.782
26, 82.274, 0.429, 71.310, 71.420, 1.724
27, 81.975, 0.355, 72.730, 71.140, 1.551
28, 81.795, 0.313, 72.940, 70.970, 1.465
29, 81.753, 0.389, 72.010, 70.910, 1.626
30, 68.615, 0.232, 73.550, 52.300, 1.932
31, 81.772, 0.344, 72.910, 70.940, 1.528
32, 81.854, 0.306, 73.000, 71.030, 1.450
33, 81.979, 0.331, 72.530, 71.150, 1.500
34, 81.695, 0.396, 71.960, 70.850, 1.642
35, 81.823, 0.256, 73.480, 71.010, 1.353
36, 81.664, 0.393, 72.200, 70.820, 1.636
37, 81.824, 0.217, 73.610, 71.020, 1.276
38, 81.975, 0.355, 72.710, 71.140, 1.552
39, 81.974, 0.349, 72.950, 71.140, 1.541
40, 81.882, 0.386, 72.210, 71.040, 1.618
41, 82.283, 0.426, 71.630, 71.430, 1.718
42, 82.169, 0.446, 70.980, 71.310, 1.776
43, 82.078, 0.442, 70.810, 71.220, 1.765
44, 81.140, 0.477, 69.840, 70.270, 1.872
45, 82.236, 0.437, 71.230, 71.380, 1.747
46, 68.668, 0.424, 71.650, 52.290, 2.305
47, 82.115, 0.433, 71.380, 71.260, 1.736
48, 82.011, 0.450, 70.970, 71.150, 1.786
49, 81.970, 0.378, 72.500, 71.130, 1.602
50, 82.115, 0.432, 71.340, 71.260, 1.734
51, 81.981, 0.338, 72.640, 71.150, 1.514
52, 81.797, 0.323, 72.650, 70.970, 1.485
53, 82.272, 0.423, 71.740, 71.420, 1.710
54, 81.927, 0.362, 72.760, 71.090, 1.568
55, 81.687, 0.403, 71.940, 70.840, 1.659
1, 90.925, 0.200, 73.580, 66.050, 35.677
2, 82.916, 0.200, 73.580, 73.400, 15.932
3, 78.283, 0.200, 73.580, 73.550, 15.481
4, 105.654, 0.900, 50.810, 52.890, 69.676
5, 63.951, 0.900, 50.810, 50.760, 69.676
6, 105.453, 0.894, 51.500, 53.450, 69.233
7, 97.716, 0.968, 34.920, 33.860, 74.944
8, 106.510, 0.887, 53.210, 55.480, 68.646
9, 105.420, 0.895, 51.250, 53.280, 69.313
10, 108.298, 0.876, 56.100, 58.590, 67.812
11, 107.999, 0.869, 56.630, 59.090, 67.286
12, 107.878, 0.878, 55.520, 57.980, 67.935
13, 108.055, 0.866, 56.510, 59.450, 67.081
14, 109.177, 0.871, 57.230, 60.050, 67.431
15, 108.328, 0.869, 56.730, 59.450, 67.265
16, 108.888, 0.872, 56.850, 59.690, 67.478
17, 108.418, 0.876, 56.000, 58.670, 67.838
18, 108.590, 0.873, 56.530, 59.270, 67.559
19, 108.665, 0.870, 56.980, 59.630, 67.370
20, 108.559, 0.870, 56.830, 59.510, 67.380
21, 109.113, 0.871, 57.400, 60.020, 67.409
22, 108.910, 0.872, 56.840, 59.710, 67.480
23, 108.321, 0.870, 56.780, 59.310, 67.354
24, 108.877, 0.872, 56.830, 59.660, 67.491
25, 108.206, 0.869, 56.780, 59.280, 67.298
26, 108.860, 0.872, 56.870, 59.670, 67.473
27, 108.393, 0.876, 55.990, 58.640, 67.841
28, 108.329, 0.874, 56.240, 58.800, 67.696
29, 108.868, 0.871, 57.150, 59.790, 67.399
30, 108.014, 0.875, 55.980, 58.440, 67.725
31, 108.472, 0.873, 56.330, 59.110, 67.586
32, 108.536, 0.874, 56.220, 59.110, 67.628
33, 108.301, 0.869, 56.860, 59.370, 67.301
34, 108.502, 0.874, 56.450, 59.030, 67.659
35, 108.860, 0.872, 56.850, 59.640, 67.493
36, 109.105, 0.871, 57.320, 59.990, 67.423
37, 107.854, 0.863, 56.810, 59.590, 66.849
38, 108.049, 0.866, 56.840, 59.510, 67.037
39, 108.719, 0.872, 56.690, 59.470, 67.512
40, 108.329, 0.870, 56.920, 59.360, 67.327
41, 108.961, 0.871, 56.950, 59.780, 67.467
42, 108.524, 0.873, 56.310, 59.160, 67.588
43, 108.634, 0.873, 56.180, 59.250, 67.601
44, 108.092, 0.865, 56.910, 59.670, 66.957
45, 109.162, 0.871, 57.100, 60.020, 67.441
46, 108.436, 0.873, 56.180, 59.020, 67.622
47, 108.420, 0.869, 57.000, 59.470, 67.314
48, 108.512, 0.874, 56.450, 59.040, 67.659
49, 108.723, 0.872, 56.630, 59.450, 67.528
50, 107.942, 0.864, 56.720, 59.560, 66.930
51, 107.949, 0.879, 55.070, 57.890, 68.038
52, 108.582, 0.870, 56.830, 59.530, 67.381
53, 107.748, 0.878, 55.200, 57.830, 67.947
54, 108.855, 0.872, 56.880, 59.660, 67.477
55, 108.114, 0.875, 56.110, 58.550, 67.718
1, 88.912, 0.200, 73.690, 71.780, 6.607
2, 82.119, 0.200, 73.690, 73.850, 3.250
3, 77.834, 0.200, 73.690, 73.700, 3.250
4, 85.612, 0.900, 66.920, 66.870, 14.631
5, 71.606, 0.900, 66.920, 66.920, 14.631
6, 89.074, 0.314, 73.500, 71.770, 7.536
7, 88.827, 0.143, 73.670, 71.780, 6.141
8, 88.924, 0.235, 73.520, 71.740, 6.890
9, 89.183, 0.372, 73.470, 71.790, 8.008
10, 84.310, 0.183, 73.590, 73.210, 3.900
11, 89.390, 0.479, 73.260, 71.830, 8.886
12, 89.143, 0.359, 73.390, 71.770, 7.901
13, 89.346, 0.520, 73.210, 71.720, 9.227
14, 89.340, 0.454, 73.260, 71.820, 8.678
15, 89.432, 0.499, 73.330, 71.840, 9.050
16, 89.625, 0.636, 72.670, 71.750, 10.488
17, 89.209, 0.715, 72.010, 71.100, 11.644
18, 88.633, 0.010, 73.540, 71.780, 5.063
19, 89.264, 0.431, 73.500, 71.780, 8.486
20, 89.580, 0.615, 72.710, 71.760, 10.214
21, 89.642, 0.587, 72.930, 71.890, 9.872
22, 83.987, 0.723, 71.800, 71.900, 11.749
23, 88.891, 0.773, 70.950, 70.590, 12.573
24, 89.700, 0.577, 72.930, 71.970, 9.760
25, 89.601, 0.638, 72.600, 71.720, 10.518
26, 89.681, 0.577, 72.930, 71.950, 9.763
27, 89.503, 0.664, 72.380, 71.550, 10.877
28, 37.119, 0.990, 30.810, 30.760, 16.136
29, 89.510, 0.534, 73.140, 71.860, 9.347
30, 89.555, 0.621, 72.530, 71.720, 10.289
31, 89.285, 0.678, 72.220, 71.290, 11.086
32, 89.542, 0.568, 72.960, 71.830, 9.668
33, 89.593, 0.616, 72.590, 71.770, 10.230
34, 89.902, 0.604, 72.740, 72.110, 10.072
35, 89.673, 0.578, 72.930, 71.940, 9.773
36, 89.254, 0.418, 73.480, 71.790, 8.381
37, 89.504, 0.624, 72.640, 71.660, 10.334
38, 89.255, 0.425, 73.490, 71.780, 8.440
39, 88.794, 0.114, 73.570, 71.790, 5.905
40, 89.616, 0.617, 72.610, 71.790, 10.242
41, 89.338, 0.718, 72.020, 71.220, 11.692
42, 89.079, 0.317, 73.450, 71.770, 7.561
43, 88.988, 0.257, 73.490, 71.770, 7.072
44, 89.427, 0.496, 73.250, 71.840, 9.023
45, 89.418, 0.527, 73.230, 71.780, 9.287
46, 89.690, 0.576, 72.900, 71.960, 9.756
47, 88.632, 0.016, 73.560, 71.770, 5.114
48, 89.682, 0.612, 72.640, 71.870, 10.173
49, 89.914, 0.605, 72.770, 72.120, 10.084
50, 89.267, 0.433, 73.460, 71.780, 8.502
51, 84.611, 0.525, 73.230, 72.950, 8.527
52, 89.260, 0.429, 73.540, 71.780, 8.466
53, 89.362, 0.524, 73.270, 71.730, 9.258
54, 89.455, 0.651, 72.370, 71.540, 10.688
55, 89.183, 0.372, 73.470, 71.790, 8.007
1, 87.289, 0.200, 73.480, 71.210, 0.489
2, 81.622, 0.200, 73.480, 73.600, 0.269
3, 77.481, 0.200, 73.480, 73.470, 0.269
4, 64.388, 0.900, 46.780, 48.190, 1.220
5, 50.819, 0.900, 46.780, 46.770, 1.220
6, 84.140, 0.085, 73.550, 73.450, 0.214
7, 87.288, 0.196, 73.480, 71.210, 0.487
8, 87.292, 0.228, 73.500, 71.210, 0.509
9, 87.290, 0.214, 73.420, 71.210, 0.499
10, 87.291, 0.223, 73.440, 71.210, 0.506
11, 87.295, 0.258, 73.540, 71.210, 0.529
12, 87.294, 0.245, 73.520, 71.210, 0.521
13, 87.278, 0.196, 73.480, 71.200, 0.487
14, 87.293, 0.243, 73.530, 71.210, 0.518
15, 87.287, 0.187, 73.550, 71.210, 0.481
16, 87.290, 0.212, 73.430, 71.210, 0.498
17, 87.284, 0.248, 73.520, 71.200, 0.523
18, 87.275, 0.072, 73.550, 71.210, 0.403
19, 87.268, 0.010, 73.540, 71.210, 0.361
20, 87.268, 0.010, 73.540, 71.210, 0.361
21, 87.268, 0.010, 73.540, 71.210, 0.361
22, 87.276, 0.087, 73.550, 71.210, 0.414
23, 87.276, 0.080, 73.560, 71.210, 0.409
24, 87.302, 0.320, 73.570, 71.210, 0.571
25, 87.305, 0.345, 73.450, 71.210, 0.589
26, 83.379, 0.432, 73.190, 72.650, 0.585
27, 87.299, 0.297, 73.540, 71.210, 0.556
28, 87.296, 0.360, 73.370, 71.200, 0.598
29, 87.268, 0.010, 73.540, 71.210, 0.361
30, 87.276, 0.085, 73.550, 71.210, 0.412
31, 87.303, 0.325, 73.590, 71.210, 0.575
32, 87.296, 0.361, 73.370, 71.200, 0.598
33, 87.300, 0.392, 73.300, 71.200, 0.620
34, 87.293, 0.333, 73.610, 71.200, 0.580
35, 87.303, 0.328, 73.600, 71.210, 0.577
36, 87.297, 0.368, 73.420, 71.200, 0.603
37, 87.303, 0.329, 73.610, 71.210, 0.577
38, 17.726, 0.988, 12.320, 12.320, 1.343
39, 87.303, 0.325, 73.590, 71.210, 0.575
40, 87.270, 0.119, 73.530, 71.200, 0.435
41, 87.272, 0.044, 73.550, 71.210, 0.385
42, 87.311, 0.400, 73.270, 71.210, 0.626
43, 87.298, 0.284, 73.580, 71.210, 0.547
44, 87.283, 0.150, 73.590, 71.210, 0.456
45, 87.272, 0.042, 73.550, 71.210, 0.383
46, 87.333, 0.421, 73.340, 71.230, 0.640
47, 87.271, 0.132, 73.490, 71.200, 0.444
48, 87.285, 0.163, 73.620, 71.210, 0.465
49, 87.267, 0.448, 73.030, 71.160, 0.661
50, 87.298, 0.280, 73.570, 71.210, 0.544
51, 87.309, 0.381, 73.350, 71.210, 0.612
52, 87.333, 0.419, 73.370, 71.230, 0.639
53, 87.298, 0.286, 73.580, 71.210, 0.548
54, 87.277, 0.094, 73.570, 71.210, 0.419
55, 87.310, 0.390, 73.330, 71.210, 0.618

 Final Sparsity: 80.50    Final Top1: 67.260


2019-04-15 05:05:19.768824
Compression scale set to 0.75

501, 51.316, 0.200, 73.010, 39.280, 0.300
2, 76.399, 0.200, 73.010, 70.390, 0.155
3, 75.934, 0.200, 73.010, 72.930, 0.144
4, 41.299, 0.900, 29.810, 29.220, 0.654
5, 32.790, 0.900, 29.810, 29.770, 0.654
6, 68.872, 0.085, 73.550, 60.860, 0.152
7, 68.873, 0.106, 73.600, 60.860, 0.159
8, 55.510, 0.499, 68.120, 43.460, 0.414
9, 37.869, 0.813, 34.370, 34.420, 0.589
10, 76.459, 0.197, 73.110, 70.450, 0.154
11, 75.600, 0.230, 72.950, 69.590, 0.173
12, 76.607, 0.127, 73.500, 70.600, 0.115
13, 76.508, 0.160, 73.300, 70.500, 0.131
14, 76.657, 0.121, 73.610, 70.650, 0.111
15, 76.646, 0.099, 73.490, 70.640, 0.101
16, 76.566, 0.113, 73.650, 70.560, 0.107
17, 76.616, 0.086, 73.550, 70.610, 0.095
18, 76.587, 0.138, 73.300, 70.580, 0.119
19, 76.615, 0.070, 73.430, 70.610, 0.090
20, 76.498, 0.147, 73.450, 70.490, 0.125
21, 76.597, 0.129, 73.450, 70.590, 0.115
22, 76.616, 0.088, 73.550, 70.610, 0.096
23, 76.546, 0.113, 73.650, 70.540, 0.107
24, 76.596, 0.110, 73.600, 70.590, 0.106
25, 76.508, 0.161, 73.430, 70.500, 0.132
26, 76.616, 0.085, 73.550, 70.610, 0.095
27, 76.616, 0.083, 73.500, 70.610, 0.094
28, 76.615, 0.051, 73.460, 70.610, 0.082
29, 76.615, 0.036, 73.550, 70.610, 0.077
30, 76.615, 0.048, 73.500, 70.610, 0.081
31, 76.615, 0.071, 73.430, 70.610, 0.090
32, 76.646, 0.101, 73.510, 70.640, 0.102
33, 76.616, 0.094, 73.460, 70.610, 0.098
34, 76.616, 0.080, 73.440, 70.610, 0.094
35, 76.567, 0.117, 73.560, 70.560, 0.109
36, 76.427, 0.146, 73.420, 70.420, 0.123
37, 76.605, 0.032, 73.590, 70.600, 0.076
38, 76.614, 0.010, 73.540, 70.610, 0.068
39, 76.614, 0.010, 73.540, 70.610, 0.068
40, 76.614, 0.022, 73.550, 70.610, 0.072
41, 76.605, 0.058, 73.490, 70.600, 0.085
42, 76.615, 0.034, 73.530, 70.610, 0.077
43, 76.616, 0.076, 73.400, 70.610, 0.092
44, 76.607, 0.140, 73.300, 70.600, 0.119
45, 76.419, 0.183, 73.390, 70.410, 0.146
46, 76.607, 0.127, 73.500, 70.600, 0.115
47, 76.378, 0.176, 73.260, 70.370, 0.141
48, 76.615, 0.060, 73.490, 70.610, 0.086
49, 76.604, 0.010, 73.540, 70.600, 0.068
50, 76.614, 0.020, 73.570, 70.610, 0.071
51, 76.616, 0.082, 73.440, 70.610, 0.094
52, 76.607, 0.141, 73.380, 70.600, 0.120
53, 76.636, 0.108, 73.670, 70.630, 0.104
54, 76.657, 0.122, 73.610, 70.650, 0.111
55, 76.615, 0.057, 73.420, 70.610, 0.085
1, 64.509, 0.200, 73.570, 52.280, 1.871
2, 78.810, 0.200, 73.570, 72.760, 0.833
3, 76.573, 0.200, 73.570, 73.550, 0.773
4, 43.433, 0.900, 29.680, 31.000, 3.484
5, 32.788, 0.900, 29.680, 29.680, 3.484
6, 79.093, 0.085, 73.450, 71.010, 1.021
7, 79.102, 0.084, 73.460, 71.020, 1.020
8, 79.090, 0.067, 73.530, 71.010, 0.986
9, 79.091, 0.076, 73.520, 71.010, 1.004
10, 79.107, 0.110, 73.410, 71.020, 1.070
11, 79.106, 0.106, 73.460, 71.020, 1.063
12, 78.810, 0.196, 73.630, 72.760, 0.826
13, 79.067, 0.239, 73.660, 73.010, 0.942
14, 79.082, 0.018, 73.560, 71.010, 0.891
15, 79.091, 0.010, 73.570, 71.020, 0.877
16, 79.264, 0.272, 73.190, 73.200, 1.056
17, 79.189, 0.335, 72.280, 73.110, 1.295
18, 79.088, 0.331, 72.490, 73.010, 1.281
19, 79.193, 0.309, 72.970, 73.120, 1.195
20, 79.206, 0.323, 72.630, 73.130, 1.248
21, 79.133, 0.266, 73.460, 73.070, 1.032
22, 78.147, 0.413, 71.910, 72.050, 1.598
23, 79.150, 0.342, 72.680, 73.070, 1.322
24, 79.118, 0.244, 73.580, 73.060, 0.960
25, 79.105, 0.276, 73.280, 73.040, 1.071
26, 78.477, 0.371, 72.510, 72.390, 1.434
27, 78.871, 0.129, 73.420, 72.830, 0.681
28, 78.753, 0.217, 73.610, 72.700, 0.877
29, 78.924, 0.153, 73.380, 72.880, 0.729
30, 78.817, 0.175, 73.530, 72.770, 0.776
31, 78.858, 0.021, 73.520, 72.830, 0.471
32, 78.362, 0.024, 73.520, 73.550, 0.247
33, 78.857, 0.010, 73.570, 72.830, 0.450
34, 78.867, 0.010, 73.570, 72.840, 0.450
35, 78.857, 0.010, 73.570, 72.830, 0.450
36, 79.092, 0.081, 73.440, 71.010, 1.014
37, 79.091, 0.010, 73.570, 71.020, 0.877
38, 79.117, 0.179, 73.610, 71.020, 1.203
39, 79.102, 0.084, 73.460, 71.020, 1.018
40, 79.131, 0.266, 73.440, 71.020, 1.372
41, 79.115, 0.164, 73.480, 71.020, 1.173
42, 79.064, 0.344, 72.910, 70.940, 1.528
43, 78.913, 0.480, 70.070, 70.760, 1.880
44, 79.198, 0.418, 71.550, 71.060, 1.697
45, 75.328, 0.623, 67.040, 67.130, 2.409
46, 79.262, 0.334, 72.370, 71.140, 1.506
47, 79.090, 0.322, 72.600, 70.970, 1.481
48, 79.091, 0.010, 73.570, 71.020, 0.877
49, 79.269, 0.369, 72.630, 71.140, 1.582
50, 79.091, 0.010, 73.570, 71.020, 0.877
51, 79.124, 0.221, 73.700, 71.020, 1.285
52, 77.562, 0.510, 69.710, 69.400, 1.983
53, 78.933, 0.394, 72.200, 70.800, 1.636
54, 79.101, 0.327, 72.650, 70.980, 1.492
55, 79.123, 0.211, 73.560, 71.020, 1.265
1, 84.706, 0.200, 73.580, 66.050, 35.677
2, 80.537, 0.200, 73.580, 73.400, 15.932
3, 77.099, 0.200, 73.580, 73.550, 15.481
4, 92.463, 0.900, 50.810, 52.890, 69.676
5, 60.653, 0.900, 50.810, 50.760, 69.676
6, 95.898, 0.818, 61.000, 63.060, 63.457
7, 95.676, 0.815, 61.140, 63.020, 63.253
8, 95.154, 0.799, 62.410, 63.450, 62.150
9, 96.232, 0.835, 59.590, 62.230, 64.708
10, 96.245, 0.838, 59.500, 62.010, 64.949
11, 96.466, 0.842, 59.220, 61.990, 65.193
12, 95.993, 0.856, 57.570, 60.400, 66.286
13, 96.542, 0.849, 58.170, 61.500, 65.755
14, 96.345, 0.847, 58.420, 61.440, 65.621
15, 96.005, 0.862, 57.610, 59.940, 66.727
16, 95.734, 0.812, 61.210, 63.260, 63.047
17, 96.422, 0.852, 57.970, 61.140, 65.989
18, 96.009, 0.834, 60.110, 62.090, 64.622
19, 96.276, 0.825, 60.810, 62.980, 63.960
20, 95.981, 0.845, 58.200, 61.220, 65.478
21, 96.306, 0.828, 60.680, 62.810, 64.174
22, 96.182, 0.843, 58.820, 61.610, 65.290
23, 96.126, 0.824, 60.780, 62.900, 63.884
24, 96.041, 0.833, 60.190, 62.190, 64.550
25, 96.222, 0.824, 60.760, 63.020, 63.858
26, 95.975, 0.820, 61.240, 62.990, 63.620
27, 96.031, 0.833, 60.190, 62.180, 64.550
28, 96.304, 0.829, 60.830, 62.740, 64.248
29, 95.860, 0.822, 60.910, 62.730, 63.779
30, 96.008, 0.868, 56.490, 59.440, 67.185
31, 95.738, 0.864, 56.770, 59.490, 66.894
32, 96.250, 0.837, 59.380, 62.090, 64.871
33, 96.440, 0.850, 58.000, 61.360, 65.792
34, 96.303, 0.847, 58.180, 61.430, 65.590
35, 96.680, 0.849, 58.160, 61.650, 65.744
36, 96.372, 0.838, 59.530, 62.130, 64.955
37, 96.076, 0.848, 57.860, 61.100, 65.690
38, 96.373, 0.829, 60.720, 62.770, 64.289
39, 95.906, 0.836, 59.160, 61.840, 64.774
40, 95.955, 0.863, 57.030, 59.810, 66.801
41, 95.768, 0.856, 57.570, 60.190, 66.271
42, 95.854, 0.859, 57.790, 60.040, 66.494
43, 96.840, 0.871, 57.400, 60.020, 67.409
44, 95.467, 0.877, 55.390, 58.100, 67.886
45, 95.924, 0.875, 56.160, 58.770, 67.702
46, 95.981, 0.822, 61.110, 62.910, 63.715
47, 96.095, 0.864, 56.910, 59.830, 66.910
48, 95.399, 0.810, 61.430, 63.040, 62.916
49, 96.341, 0.852, 57.850, 61.050, 65.997
50, 95.971, 0.862, 57.440, 59.880, 66.751
51, 96.028, 0.862, 57.390, 59.940, 66.748
52, 96.213, 0.842, 59.110, 61.710, 65.220
53, 96.547, 0.851, 58.140, 61.370, 65.886
54, 96.720, 0.841, 59.560, 62.320, 65.116
55, 95.981, 0.845, 58.200, 61.220, 65.478
1, 84.629, 0.200, 73.690, 71.780, 6.607
2, 80.052, 0.200, 73.690, 73.850, 3.250
3, 76.801, 0.200, 73.690, 73.700, 3.250
4, 80.927, 0.900, 66.920, 66.870, 14.631
5, 70.434, 0.900, 66.920, 66.920, 14.631
6, 84.731, 0.291, 73.490, 71.780, 7.344
7, 84.521, 0.102, 73.580, 71.780, 5.813
8, 84.700, 0.272, 73.390, 71.770, 7.194
9, 81.517, 0.158, 73.500, 73.210, 3.692
10, 84.852, 0.405, 73.320, 71.770, 8.273
11, 84.420, 0.010, 73.540, 71.780, 5.063
12, 84.753, 0.310, 73.510, 71.780, 7.501
13, 85.051, 0.529, 73.140, 71.820, 9.302
14, 80.928, 0.707, 72.150, 71.890, 11.486
15, 84.885, 0.425, 73.440, 71.780, 8.435
16, 85.121, 0.537, 73.070, 71.880, 9.375
17, 85.046, 0.485, 73.290, 71.870, 8.928
18, 85.044, 0.508, 73.210, 71.840, 9.120
19, 84.885, 0.424, 73.470, 71.780, 8.431
20, 85.276, 0.610, 72.660, 71.920, 10.153
21, 85.258, 0.577, 72.930, 71.960, 9.764
22, 85.091, 0.623, 72.620, 71.710, 10.321
23, 42.905, 0.985, 38.180, 38.140, 16.054
24, 84.954, 0.524, 73.280, 71.730, 9.257
25, 85.099, 0.637, 72.620, 71.690, 10.505
26, 85.106, 0.555, 73.140, 71.840, 9.542
27, 85.203, 0.635, 72.660, 71.800, 10.471
28, 85.149, 0.557, 73.030, 71.880, 9.564
29, 84.857, 0.409, 73.400, 71.770, 8.303
30, 84.780, 0.671, 72.210, 71.300, 10.980
31, 84.545, 0.124, 73.530, 71.780, 5.992
32, 84.766, 0.321, 73.510, 71.780, 7.595
33, 85.161, 0.597, 72.840, 71.830, 9.981
34, 85.116, 0.631, 72.610, 71.720, 10.423
35, 85.265, 0.581, 72.880, 71.960, 9.807
36, 85.253, 0.580, 72.960, 71.950, 9.794
37, 84.420, 0.010, 73.540, 71.780, 5.063
38, 85.211, 0.591, 72.910, 71.890, 9.918
39, 85.054, 0.546, 73.180, 71.800, 9.460
40, 81.737, 0.467, 73.140, 73.080, 7.591
41, 84.821, 0.369, 73.530, 71.780, 7.980
42, 84.638, 0.208, 73.590, 71.780, 6.674
43, 85.077, 0.647, 72.580, 71.650, 10.629
44, 84.420, 0.010, 73.540, 71.780, 5.063
45, 84.904, 0.441, 73.320, 71.780, 8.567
46, 76.966, 0.010, 73.540, 73.530, 0.210
47, 84.555, 0.133, 73.650, 71.780, 6.067
48, 85.261, 0.613, 72.590, 71.900, 10.187
49, 78.531, 0.010, 73.540, 73.700, 0.633
50, 85.357, 0.600, 73.000, 72.020, 10.024
51, 36.494, 0.990, 30.810, 30.770, 16.136
52, 85.234, 0.609, 72.680, 71.880, 10.138
53, 85.009, 0.479, 73.280, 71.840, 8.880
54, 85.299, 0.584, 72.910, 71.990, 9.837
55, 84.892, 0.430, 73.500, 71.780, 8.480
1, 83.269, 0.200, 73.480, 71.210, 0.489
2, 79.616, 0.200, 73.480, 73.600, 0.269
3, 76.478, 0.200, 73.480, 73.470, 0.269
4, 60.348, 0.900, 46.780, 48.200, 1.220
5, 49.807, 0.900, 46.780, 46.770, 1.220
6, 81.477, 0.085, 73.550, 73.460, 0.214
7, 83.258, 0.191, 73.510, 71.200, 0.484
8, 83.269, 0.197, 73.480, 71.210, 0.488
9, 83.259, 0.199, 73.480, 71.200, 0.489
10, 83.266, 0.163, 73.620, 71.210, 0.465
11, 83.270, 0.218, 73.380, 71.210, 0.502
12, 83.256, 0.160, 73.630, 71.200, 0.463
13, 83.271, 0.222, 73.410, 71.210, 0.505
14, 83.270, 0.208, 73.440, 71.210, 0.496
15, 83.267, 0.178, 73.560, 71.210, 0.475
16, 83.273, 0.244, 73.520, 71.210, 0.520
17, 83.271, 0.224, 73.510, 71.210, 0.506
18, 81.003, 0.305, 73.540, 72.970, 0.413
19, 83.258, 0.065, 73.530, 71.210, 0.398
20, 83.254, 0.011, 73.540, 71.210, 0.362
21, 83.254, 0.012, 73.540, 71.210, 0.362
22, 83.279, 0.323, 73.590, 71.210, 0.573
23, 83.279, 0.316, 73.550, 71.210, 0.568
24, 83.258, 0.067, 73.550, 71.210, 0.400
25, 83.256, 0.046, 73.550, 71.210, 0.385
26, 83.279, 0.315, 73.600, 71.210, 0.568
27, 83.279, 0.327, 73.630, 71.210, 0.576
28, 83.276, 0.280, 73.610, 71.210, 0.543
29, 83.259, 0.080, 73.550, 71.210, 0.408
30, 83.261, 0.097, 73.570, 71.210, 0.420
31, 83.277, 0.291, 73.500, 71.210, 0.552
32, 83.254, 0.010, 73.540, 71.210, 0.361
33, 14.335, 0.990, 10.280, 10.280, 1.346
34, 83.277, 0.291, 73.500, 71.210, 0.552
35, 83.283, 0.366, 73.410, 71.210, 0.602
36, 83.285, 0.394, 73.290, 71.210, 0.621
37, 83.275, 0.272, 73.520, 71.210, 0.539
38, 83.282, 0.361, 73.370, 71.210, 0.599
39, 83.282, 0.354, 73.410, 71.210, 0.594
40, 83.244, 0.013, 73.540, 71.200, 0.364
41, 83.230, 0.093, 73.580, 71.180, 0.417
42, 83.284, 0.379, 73.360, 71.210, 0.611
43, 83.254, 0.137, 73.520, 71.200, 0.447
44, 83.254, 0.010, 73.540, 71.210, 0.361
45, 83.275, 0.278, 73.620, 71.210, 0.543
46, 83.307, 0.415, 73.400, 71.230, 0.636
47, 83.012, 0.469, 73.100, 70.930, 0.679
48, 83.269, 0.327, 73.630, 71.200, 0.576
49, 83.284, 0.388, 73.360, 71.210, 0.617
50, 83.272, 0.235, 73.500, 71.210, 0.514
51, 83.254, 0.010, 73.540, 71.210, 0.361
52, 83.254, 0.264, 73.520, 71.190, 0.533
53, 83.282, 0.360, 73.370, 71.210, 0.598
54, 83.274, 0.382, 73.360, 71.200, 0.614
55, 83.278, 0.422, 73.350, 71.200, 0.642

 Final Sparsity: 80.32    Final Top1: 64.630


2019-04-15 06:22:23.618341
Compression scale set to 0.5

501, 47.304, 0.200, 73.010, 39.280, 0.300
2, 74.456, 0.200, 73.010, 70.450, 0.155
3, 74.933, 0.200, 73.010, 72.930, 0.144
4, 37.273, 0.900, 29.810, 29.220, 0.654
5, 31.783, 0.900, 29.810, 29.770, 0.654
6, 66.201, 0.085, 73.550, 60.860, 0.152
7, 66.202, 0.106, 73.600, 60.860, 0.159
8, 51.493, 0.499, 68.120, 43.460, 0.414
9, 75.363, 0.181, 73.320, 73.360, 0.131
10, 75.312, 0.152, 73.340, 73.310, 0.110
11, 75.262, 0.138, 73.300, 73.260, 0.100
12, 75.422, 0.162, 73.430, 73.420, 0.116
13, 75.342, 0.170, 73.270, 73.340, 0.123
14, 75.332, 0.168, 73.310, 73.330, 0.121
15, 75.502, 0.149, 73.450, 73.500, 0.106
16, 75.362, 0.150, 73.410, 73.360, 0.108
17, 75.342, 0.136, 73.430, 73.340, 0.097
18, 75.302, 0.157, 73.310, 73.300, 0.113
19, 75.183, 0.189, 73.200, 73.180, 0.135
20, 75.382, 0.143, 73.350, 73.380, 0.103
21, 75.332, 0.168, 73.310, 73.330, 0.121
22, 75.262, 0.140, 73.300, 73.260, 0.100
23, 75.252, 0.136, 73.310, 73.250, 0.098
24, 75.533, 0.177, 73.470, 73.530, 0.127
25, 75.612, 0.120, 73.610, 73.610, 0.087
26, 75.582, 0.116, 73.560, 73.580, 0.084
27, 75.612, 0.122, 73.610, 73.610, 0.087
28, 75.572, 0.107, 73.670, 73.570, 0.077
29, 75.522, 0.112, 73.650, 73.520, 0.081
30, 75.522, 0.111, 73.650, 73.520, 0.081
31, 75.612, 0.122, 73.610, 73.610, 0.087
32, 75.441, 0.102, 73.510, 73.440, 0.073
33, 75.472, 0.115, 73.630, 73.470, 0.082
34, 75.481, 0.091, 73.500, 73.480, 0.065
35, 75.491, 0.096, 73.460, 73.490, 0.068
36, 75.541, 0.099, 73.490, 73.540, 0.071
37, 75.652, 0.118, 73.620, 73.650, 0.085
38, 75.542, 0.106, 73.600, 73.540, 0.076
39, 75.662, 0.120, 73.620, 73.660, 0.085
40, 75.522, 0.110, 73.600, 73.520, 0.079
41, 75.532, 0.126, 73.560, 73.530, 0.090
42, 75.322, 0.142, 73.380, 73.320, 0.102
43, 75.392, 0.131, 73.450, 73.390, 0.094
44, 75.382, 0.143, 73.350, 73.380, 0.103
45, 75.422, 0.166, 73.370, 73.420, 0.119
46, 75.363, 0.181, 73.320, 73.360, 0.131
47, 75.272, 0.164, 73.260, 73.270, 0.118
48, 75.183, 0.188, 73.200, 73.180, 0.135
49, 75.352, 0.169, 73.270, 73.350, 0.123
50, 75.472, 0.146, 73.420, 73.470, 0.105
51, 75.582, 0.116, 73.560, 73.580, 0.084
52, 75.542, 0.125, 73.560, 73.540, 0.090
53, 75.392, 0.130, 73.450, 73.390, 0.094
54, 75.541, 0.098, 73.490, 73.540, 0.071
55, 75.481, 0.089, 73.500, 73.480, 0.065
1, 60.453, 0.200, 73.570, 52.300, 1.871
2, 76.804, 0.200, 73.570, 72.770, 0.833
3, 75.566, 0.200, 73.570, 73.550, 0.773
4, 39.289, 0.900, 29.680, 31.000, 3.484
5, 31.752, 0.900, 29.680, 29.680, 3.484
6, 76.398, 0.085, 73.450, 71.010, 1.021
7, 76.874, 0.202, 73.620, 72.840, 0.839
8, 76.843, 0.189, 73.590, 72.810, 0.808
9, 76.874, 0.202, 73.620, 72.840, 0.839
10, 76.794, 0.199, 73.560, 72.760, 0.831
11, 76.833, 0.191, 73.590, 72.800, 0.811
12, 76.875, 0.214, 73.670, 72.840, 0.868
13, 76.735, 0.217, 73.610, 72.700, 0.877
14, 76.802, 0.177, 73.590, 72.770, 0.781
15, 76.914, 0.206, 73.510, 72.880, 0.849
16, 76.801, 0.177, 73.490, 72.770, 0.780
17, 76.794, 0.199, 73.630, 72.760, 0.831
18, 76.935, 0.210, 73.610, 72.900, 0.858
19, 76.398, 0.081, 73.470, 71.010, 1.014
20, 76.406, 0.065, 73.530, 71.020, 0.983
21, 76.794, 0.201, 73.640, 72.760, 0.835
22, 76.806, 0.218, 73.690, 72.770, 0.881
23, 76.866, 0.217, 73.630, 72.830, 0.880
24, 76.864, 0.203, 73.640, 72.830, 0.841
25, 76.772, 0.180, 73.590, 72.740, 0.787
26, 76.842, 0.186, 73.650, 72.810, 0.800
27, 76.904, 0.206, 73.550, 72.870, 0.850
28, 76.843, 0.193, 73.640, 72.810, 0.816
29, 76.875, 0.214, 73.620, 72.840, 0.869
30, 77.137, 0.232, 73.650, 73.100, 0.922
31, 77.169, 0.245, 73.440, 73.130, 0.962
32, 77.101, 0.259, 73.400, 73.060, 1.007
33, 77.272, 0.271, 73.340, 73.230, 1.050
34, 77.051, 0.264, 73.540, 73.010, 1.023
35, 77.045, 0.291, 73.290, 73.000, 1.124
36, 77.046, 0.296, 73.210, 73.000, 1.145
37, 77.030, 0.319, 72.900, 72.980, 1.234
38, 77.151, 0.329, 72.610, 73.100, 1.271
39, 76.906, 0.359, 72.800, 72.850, 1.389
40, 77.026, 0.354, 72.720, 72.970, 1.371
41, 77.060, 0.321, 72.620, 73.010, 1.242
42, 76.965, 0.290, 73.220, 72.920, 1.121
43, 77.134, 0.341, 72.720, 73.080, 1.321
44, 77.059, 0.314, 72.900, 73.010, 1.214
45, 77.224, 0.347, 72.890, 73.170, 1.342
46, 76.969, 0.376, 72.470, 72.910, 1.456
47, 76.799, 0.376, 72.560, 72.740, 1.455
48, 77.031, 0.326, 72.540, 72.980, 1.261
49, 76.895, 0.284, 73.170, 72.850, 1.101
50, 77.086, 0.293, 73.310, 73.040, 1.134
51, 77.142, 0.329, 72.590, 73.090, 1.274
52, 77.177, 0.300, 73.140, 73.130, 1.161
53, 77.192, 0.334, 72.370, 73.140, 1.292
54, 76.638, 0.369, 72.640, 72.580, 1.429
55, 76.997, 0.303, 73.010, 72.950, 1.171
1, 78.497, 0.200, 73.580, 66.060, 35.677
2, 78.158, 0.200, 73.580, 73.400, 15.932
3, 75.916, 0.200, 73.580, 73.550, 15.481
4, 79.272, 0.900, 50.810, 52.890, 69.676
5, 57.366, 0.900, 50.810, 50.770, 69.676
6, 79.270, 0.085, 73.610, 72.820, 17.313
7, 82.679, 0.878, 55.110, 57.710, 67.960
8, 83.020, 0.877, 55.520, 58.100, 67.897
9, 84.025, 0.870, 56.830, 59.500, 67.380
10, 83.916, 0.864, 56.820, 59.750, 66.896
11, 83.796, 0.868, 56.830, 59.400, 67.207
12, 83.593, 0.867, 56.580, 59.270, 67.109
13, 83.724, 0.867, 56.700, 59.370, 67.151
14, 83.941, 0.859, 57.740, 60.050, 66.515
15, 83.942, 0.859, 57.720, 60.030, 66.544
16, 84.768, 0.852, 58.080, 61.270, 65.954
17, 84.674, 0.847, 58.170, 61.430, 65.583
18, 84.398, 0.845, 58.410, 61.250, 65.440
19, 84.765, 0.849, 58.170, 61.390, 65.776
20, 84.751, 0.847, 58.280, 61.490, 65.607
21, 84.435, 0.844, 58.550, 61.350, 65.346
22, 84.653, 0.852, 57.960, 61.130, 65.990
23, 84.618, 0.851, 57.940, 61.160, 65.896
24, 84.694, 0.847, 58.200, 61.440, 65.598
25, 84.071, 0.856, 57.480, 60.340, 66.289
26, 85.032, 0.841, 59.140, 62.060, 65.174
27, 84.691, 0.834, 60.080, 62.080, 64.619
28, 84.767, 0.831, 60.430, 62.290, 64.408
29, 84.865, 0.839, 59.550, 62.010, 64.997
30, 84.837, 0.849, 58.180, 61.470, 65.763
31, 84.383, 0.845, 58.200, 61.210, 65.477
32, 85.074, 0.828, 60.640, 62.740, 64.180
33, 84.863, 0.815, 61.170, 63.090, 63.258
34, 85.102, 0.830, 60.660, 62.690, 64.304
35, 84.939, 0.817, 61.330, 63.070, 63.418
36, 85.040, 0.824, 60.830, 62.890, 63.883
37, 85.084, 0.826, 60.540, 62.860, 64.003
38, 84.680, 0.840, 59.660, 61.790, 65.050
39, 84.771, 0.810, 61.550, 63.220, 62.879
40, 85.056, 0.826, 60.550, 62.830, 64.006
41, 84.740, 0.811, 61.560, 63.130, 62.980
42, 84.946, 0.821, 61.050, 62.920, 63.679
43, 84.660, 0.842, 59.100, 61.660, 65.217
44, 85.244, 0.828, 60.700, 62.890, 64.212
45, 84.946, 0.814, 61.260, 63.230, 63.162
46, 84.864, 0.827, 60.490, 62.570, 64.116
47, 84.535, 0.845, 58.570, 61.400, 65.421
48, 84.753, 0.806, 61.960, 63.370, 62.587
49, 84.645, 0.792, 63.270, 63.790, 61.639
50, 85.294, 0.787, 64.010, 64.630, 61.284
51, 85.621, 0.772, 64.820, 65.460, 60.319
52, 85.575, 0.770, 65.290, 65.500, 60.150
53, 85.130, 0.757, 65.880, 65.460, 59.328
54, 85.572, 0.783, 64.500, 65.050, 61.017
55, 85.491, 0.768, 65.330, 65.460, 60.062
1, 80.346, 0.200, 73.690, 71.780, 6.607
2, 77.994, 0.200, 73.690, 73.860, 3.250
3, 75.767, 0.200, 73.690, 73.700, 3.250
4, 76.241, 0.900, 66.920, 66.870, 14.631
5, 69.263, 0.900, 66.920, 66.920, 14.631
6, 80.402, 0.275, 73.380, 71.780, 7.215
7, 80.289, 0.123, 73.540, 71.780, 5.980
8, 80.403, 0.276, 73.380, 71.780, 7.229
9, 78.735, 0.109, 73.580, 73.220, 3.294
10, 80.576, 0.449, 73.150, 71.820, 8.631
11, 78.824, 0.557, 73.030, 72.960, 9.056
12, 80.505, 0.409, 73.410, 71.780, 8.308
13, 80.207, 0.010, 73.540, 71.780, 5.063
14, 33.940, 0.990, 30.810, 30.760, 16.136
15, 80.482, 0.380, 73.510, 71.780, 8.069
16, 80.750, 0.562, 73.000, 71.900, 9.605
17, 80.631, 0.541, 73.110, 71.800, 9.413
18, 80.530, 0.516, 73.160, 71.720, 9.194
19, 80.214, 0.696, 72.080, 71.190, 11.347
20, 80.616, 0.474, 73.160, 71.840, 8.839
21, 80.470, 0.377, 73.430, 71.770, 8.043
22, 80.826, 0.577, 72.930, 71.960, 9.763
23, 80.830, 0.581, 72.910, 71.960, 9.804
24, 80.651, 0.631, 72.640, 71.720, 10.428
25, 80.636, 0.499, 73.280, 71.840, 9.048
26, 80.541, 0.517, 73.220, 71.730, 9.200
27, 80.705, 0.567, 72.960, 71.850, 9.660
28, 80.499, 0.402, 73.420, 71.780, 8.246
29, 80.823, 0.610, 72.660, 71.920, 10.144
30, 80.727, 0.559, 73.040, 71.880, 9.576
31, 80.207, 0.010, 73.540, 71.780, 5.063
32, 80.207, 0.010, 73.540, 71.780, 5.063
33, 80.783, 0.609, 72.680, 71.880, 10.142
34, 80.418, 0.295, 73.540, 71.780, 7.383
35, 80.626, 0.627, 72.710, 71.700, 10.373
36, 80.483, 0.381, 73.490, 71.780, 8.081
37, 75.821, 0.010, 73.540, 73.530, 0.210
38, 80.298, 0.136, 73.700, 71.780, 6.084
39, 35.670, 0.990, 30.810, 30.900, 16.136
40, 80.669, 0.630, 72.600, 71.740, 10.405
41, 80.755, 0.556, 73.060, 71.910, 9.555
42, 80.435, 0.649, 72.430, 71.480, 10.659
43, 80.790, 0.607, 72.580, 71.890, 10.114
44, 80.805, 0.586, 72.930, 71.930, 9.858
45, 81.044, 0.602, 72.890, 72.150, 10.050
46, 80.276, 0.105, 73.580, 71.780, 5.834
47, 80.391, 0.260, 73.390, 71.780, 7.098
48, 80.786, 0.612, 72.660, 71.880, 10.169
49, 80.333, 0.196, 73.740, 71.770, 6.576
50, 80.428, 0.309, 73.490, 71.780, 7.491
51, 80.452, 0.340, 73.470, 71.780, 7.748
52, 80.263, 0.087, 73.540, 71.780, 5.693
53, 80.340, 0.192, 73.720, 71.780, 6.547
54, 78.618, 0.306, 73.480, 73.000, 5.060
55, 80.340, 0.192, 73.730, 71.780, 6.543
1, 79.249, 0.200, 73.480, 71.210, 0.489
2, 77.611, 0.200, 73.480, 73.600, 0.269
3, 75.475, 0.200, 73.480, 73.470, 0.269
4, 56.259, 0.900, 46.780, 48.160, 1.220
5, 48.765, 0.900, 46.780, 46.740, 1.220
6, 78.805, 0.085, 73.550, 73.460, 0.214
7, 79.229, 0.190, 73.530, 71.190, 0.483
8, 79.249, 0.201, 73.450, 71.210, 0.490
9, 79.244, 0.100, 73.590, 71.210, 0.423
10, 79.240, 0.037, 73.550, 71.210, 0.380
11, 79.243, 0.090, 73.560, 71.210, 0.415
12, 79.247, 0.156, 73.610, 71.210, 0.460
13, 79.242, 0.072, 73.550, 71.210, 0.403
14, 79.246, 0.132, 73.490, 71.210, 0.444
15, 79.239, 0.010, 73.540, 71.210, 0.361
16, 79.250, 0.204, 73.400, 71.210, 0.493
17, 79.252, 0.245, 73.520, 71.210, 0.520
18, 79.256, 0.318, 73.580, 71.210, 0.570
19, 78.220, 0.370, 73.440, 72.860, 0.500
20, 79.254, 0.291, 73.500, 71.210, 0.552
21, 79.239, 0.010, 73.540, 71.210, 0.361
22, 79.253, 0.271, 73.510, 71.210, 0.538
23, 79.239, 0.010, 73.540, 71.210, 0.361
24, 79.254, 0.280, 73.570, 71.210, 0.544
25, 79.251, 0.237, 73.530, 71.210, 0.515
26, 79.229, 0.010, 73.540, 71.200, 0.361
27, 77.627, 0.125, 73.510, 73.620, 0.169
28, 76.747, 0.503, 72.800, 72.720, 0.681
29, 77.593, 0.010, 73.540, 73.590, 0.078
30, 77.182, 0.404, 73.340, 73.160, 0.547
31, 76.712, 0.010, 73.540, 73.510, 0.050
32, 78.802, 0.010, 73.540, 73.460, 0.163
33, 78.770, 0.215, 73.420, 73.420, 0.304
34, 78.822, 0.015, 73.540, 73.480, 0.166
35, 78.770, 0.219, 73.380, 73.420, 0.309
36, 78.028, 0.483, 72.940, 72.660, 0.653
37, 78.797, 0.160, 73.630, 73.450, 0.264
38, 12.983, 0.990, 10.280, 10.280, 1.346
39, 78.805, 0.098, 73.570, 73.460, 0.223
40, 78.804, 0.071, 73.560, 73.460, 0.204
41, 78.238, 0.346, 73.450, 72.880, 0.468
42, 78.802, 0.010, 73.540, 73.460, 0.163
43, 79.239, 0.010, 73.540, 71.210, 0.361
44, 79.242, 0.256, 73.540, 71.200, 0.528
45, 79.258, 0.361, 73.370, 71.210, 0.599
46, 78.779, 0.210, 73.440, 73.430, 0.300
47, 79.254, 0.283, 73.580, 71.210, 0.546
48, 79.242, 0.070, 73.560, 71.210, 0.402
49, 79.245, 0.116, 73.500, 71.210, 0.433
50, 79.248, 0.183, 73.550, 71.210, 0.478
51, 78.806, 0.119, 73.530, 73.460, 0.237
52, 79.239, 0.184, 73.540, 71.200, 0.479
53, 79.242, 0.252, 73.530, 71.200, 0.525
54, 79.247, 0.338, 73.600, 71.200, 0.583
55, 79.239, 0.010, 73.540, 71.210, 0.361

 Final Sparsity: 72.72    Final Top1: 69.430


2019-04-15 07:38:27.905584
Compression scale set to 0.25

501, 43.302, 0.200, 73.010, 39.290, 0.300
2, 72.453, 0.200, 73.010, 70.450, 0.155
3, 73.931, 0.200, 73.010, 72.930, 0.144
4, 33.246, 0.900, 29.810, 29.220, 0.654
5, 30.777, 0.900, 29.810, 29.770, 0.654
6, 63.521, 0.085, 73.550, 60.850, 0.152
7, 63.521, 0.106, 73.600, 60.850, 0.159
8, 47.457, 0.499, 68.120, 43.440, 0.414
9, 74.461, 0.179, 73.340, 73.460, 0.129
10, 74.381, 0.143, 73.350, 73.380, 0.103
11, 74.261, 0.139, 73.300, 73.260, 0.100
12, 74.421, 0.166, 73.370, 73.420, 0.119
13, 74.271, 0.164, 73.260, 73.270, 0.118
14, 74.361, 0.182, 73.320, 73.360, 0.131
15, 74.501, 0.148, 73.450, 73.500, 0.106
16, 74.261, 0.138, 73.300, 73.260, 0.100
17, 74.241, 0.154, 73.350, 73.240, 0.111
18, 74.341, 0.171, 73.270, 73.340, 0.123
19, 74.181, 0.187, 73.200, 73.180, 0.135
20, 74.501, 0.148, 73.450, 73.500, 0.106
21, 74.351, 0.175, 73.260, 73.350, 0.126
22, 74.471, 0.145, 73.420, 73.470, 0.105
23, 74.311, 0.153, 73.340, 73.310, 0.110
24, 74.351, 0.174, 73.260, 73.350, 0.126
25, 74.151, 0.196, 73.110, 73.150, 0.142
26, 74.471, 0.146, 73.420, 73.470, 0.105
27, 74.351, 0.174, 73.260, 73.350, 0.126
28, 74.471, 0.145, 73.420, 73.470, 0.105
29, 74.331, 0.167, 73.310, 73.330, 0.121
30, 74.321, 0.186, 73.270, 73.320, 0.134
31, 74.361, 0.174, 73.260, 73.360, 0.126
32, 74.321, 0.185, 73.270, 73.320, 0.134
33, 74.461, 0.180, 73.340, 73.460, 0.129
34, 73.921, 0.199, 73.010, 72.920, 0.144
35, 74.461, 0.179, 73.340, 73.460, 0.129
36, 74.381, 0.144, 73.350, 73.380, 0.103
37, 74.321, 0.131, 73.400, 73.320, 0.095
38, 74.261, 0.139, 73.300, 73.260, 0.100
39, 74.291, 0.158, 73.310, 73.290, 0.113
40, 74.431, 0.173, 73.300, 73.430, 0.124
41, 74.421, 0.161, 73.430, 73.420, 0.116
42, 74.531, 0.177, 73.470, 73.530, 0.127
43, 74.171, 0.189, 73.250, 73.170, 0.137
44, 74.331, 0.167, 73.310, 73.330, 0.121
45, 74.391, 0.183, 73.390, 73.390, 0.132
46, 74.381, 0.144, 73.350, 73.380, 0.103
47, 74.541, 0.126, 73.560, 73.540, 0.090
48, 74.531, 0.126, 73.560, 73.530, 0.090
49, 74.521, 0.110, 73.600, 73.520, 0.079
50, 74.571, 0.108, 73.670, 73.570, 0.077
51, 74.521, 0.096, 73.500, 73.520, 0.069
52, 74.491, 0.095, 73.460, 73.490, 0.068
53, 74.461, 0.078, 73.410, 73.460, 0.056
54, 74.511, 0.082, 73.440, 73.510, 0.058
55, 74.541, 0.099, 73.490, 73.540, 0.071
1, 56.346, 0.200, 73.570, 52.270, 1.871
2, 74.777, 0.200, 73.570, 72.760, 0.833
3, 74.558, 0.200, 73.570, 73.550, 0.773
4, 35.114, 0.900, 29.680, 30.970, 3.484
5, 30.716, 0.900, 29.680, 29.680, 3.484
6, 73.714, 0.085, 73.450, 71.020, 1.021
7, 73.705, 0.106, 73.410, 71.010, 1.062
8, 56.390, 0.499, 69.880, 52.290, 2.450
9, 74.787, 0.197, 73.650, 72.770, 0.828
10, 75.188, 0.230, 73.480, 73.170, 0.916
11, 75.091, 0.261, 73.470, 73.070, 1.016
12, 75.079, 0.244, 73.580, 73.060, 0.960
13, 75.089, 0.243, 73.610, 73.070, 0.955
14, 75.029, 0.240, 73.660, 73.010, 0.946
15, 75.161, 0.270, 73.360, 73.140, 1.047
16, 75.118, 0.222, 73.690, 73.100, 0.895
17, 75.060, 0.253, 73.490, 73.040, 0.989
18, 74.792, 0.286, 73.140, 72.770, 1.106
19, 74.728, 0.217, 73.610, 72.710, 0.877
20, 75.140, 0.257, 73.530, 73.120, 1.000
21, 75.188, 0.226, 73.570, 73.170, 0.906
22, 74.777, 0.200, 73.640, 72.760, 0.835
23, 75.211, 0.272, 73.190, 73.190, 1.056
24, 74.756, 0.173, 73.500, 72.740, 0.771
25, 75.168, 0.229, 73.490, 73.150, 0.915
26, 75.019, 0.237, 73.680, 73.000, 0.938
27, 74.887, 0.209, 73.530, 72.870, 0.856
28, 75.029, 0.239, 73.660, 73.010, 0.942
29, 75.161, 0.270, 73.360, 73.140, 1.047
30, 74.893, 0.289, 73.230, 72.870, 1.119
31, 75.111, 0.268, 73.370, 73.090, 1.039
32, 75.193, 0.292, 73.360, 73.170, 1.129
33, 75.053, 0.291, 73.290, 73.030, 1.126
34, 74.995, 0.316, 72.960, 72.970, 1.222
35, 75.015, 0.319, 72.900, 72.990, 1.234
36, 75.130, 0.256, 73.520, 73.110, 0.997
37, 75.198, 0.226, 73.570, 73.180, 0.906
38, 75.169, 0.232, 73.590, 73.150, 0.920
39, 74.857, 0.202, 73.620, 72.840, 0.839
40, 75.161, 0.270, 73.360, 73.140, 1.047
41, 75.030, 0.248, 73.500, 73.010, 0.971
42, 74.792, 0.286, 73.140, 72.770, 1.106
43, 75.024, 0.311, 72.860, 73.000, 1.203
44, 74.917, 0.210, 73.580, 72.900, 0.859
45, 75.189, 0.232, 73.590, 73.170, 0.920
46, 74.777, 0.199, 73.630, 72.760, 0.831
47, 75.029, 0.238, 73.660, 73.010, 0.942
48, 75.161, 0.270, 73.360, 73.140, 1.047
49, 75.032, 0.280, 73.290, 73.010, 1.084
50, 75.135, 0.314, 72.940, 73.110, 1.213
51, 75.217, 0.340, 72.710, 73.190, 1.316
52, 74.948, 0.361, 72.810, 72.920, 1.397
53, 74.599, 0.368, 72.600, 72.570, 1.424
54, 75.126, 0.328, 72.610, 73.100, 1.271
55, 75.054, 0.301, 73.100, 73.030, 1.164
1, 72.259, 0.200, 73.580, 66.040, 35.677
2, 75.779, 0.200, 73.580, 73.400, 15.932
3, 74.733, 0.200, 73.580, 73.550, 15.481
4, 66.081, 0.900, 50.810, 52.890, 69.676
5, 54.068, 0.900, 50.810, 50.770, 69.676
6, 76.055, 0.085, 73.610, 72.830, 17.313
7, 76.048, 0.087, 73.580, 72.820, 17.402
8, 76.136, 0.146, 73.580, 72.800, 20.056
9, 75.782, 0.196, 73.550, 73.410, 15.690
10, 75.499, 0.102, 73.580, 73.250, 11.084
11, 76.193, 0.171, 73.560, 72.810, 21.164
12, 76.445, 0.287, 73.440, 72.830, 26.235
13, 76.546, 0.325, 73.700, 72.850, 27.843
14, 76.558, 0.451, 73.090, 72.450, 35.082
15, 77.037, 0.478, 72.950, 72.800, 37.065
16, 75.972, 0.628, 70.970, 70.780, 48.635
17, 76.649, 0.396, 73.100, 72.760, 31.437
18, 76.754, 0.385, 73.350, 72.900, 30.808
19, 76.658, 0.505, 72.530, 72.280, 39.088
20, 76.560, 0.327, 73.690, 72.860, 27.921
21, 75.594, 0.528, 72.160, 72.210, 40.899
22, 76.136, 0.146, 73.580, 72.800, 20.057
23, 75.524, 0.088, 73.590, 73.290, 10.456
24, 76.578, 0.355, 73.590, 72.810, 29.231
25, 75.378, 0.584, 71.710, 71.730, 45.174
26, 75.860, 0.287, 73.460, 73.290, 22.187
27, 74.379, 0.616, 71.240, 71.320, 47.701
28, 75.119, 0.010, 73.540, 73.460, 3.573
29, 74.599, 0.010, 73.540, 73.590, 0.849
30, 65.238, 0.866, 56.880, 57.150, 67.028
31, 76.287, 0.337, 73.540, 73.580, 26.108
32, 76.696, 0.501, 72.560, 72.340, 38.778
33, 76.030, 0.448, 73.080, 72.970, 34.647
34, 76.083, 0.112, 73.600, 72.810, 18.522
35, 75.893, 0.303, 73.630, 73.280, 23.453
36, 76.491, 0.436, 73.180, 72.450, 34.010
37, 75.477, 0.064, 73.590, 73.270, 9.374
38, 76.243, 0.561, 71.920, 71.530, 43.414
39, 76.865, 0.489, 72.640, 72.570, 37.906
40, 76.615, 0.444, 73.040, 72.540, 34.564
41, 75.940, 0.010, 73.540, 72.830, 14.249
42, 74.961, 0.010, 73.540, 73.600, 2.018
43, 72.979, 0.667, 70.160, 70.220, 51.670
44, 75.119, 0.010, 73.540, 73.460, 3.573
45, 74.707, 0.010, 73.540, 73.550, 1.218
46, 75.386, 0.443, 73.070, 72.950, 34.331
47, 65.151, 0.829, 60.740, 60.680, 64.212
48, 75.465, 0.256, 73.440, 73.470, 19.784
49, 75.455, 0.286, 73.520, 73.400, 22.127
50, 76.309, 0.245, 73.510, 72.780, 24.445
51, 73.201, 0.416, 73.160, 66.000, 44.449
52, 76.496, 0.435, 73.120, 72.460, 33.927
53, 76.304, 0.217, 73.550, 72.830, 23.232
54, 75.778, 0.400, 73.040, 72.880, 30.978
55, 75.828, 0.253, 73.560, 73.340, 19.618
1, 76.063, 0.200, 73.690, 71.780, 6.607
2, 75.917, 0.200, 73.690, 73.850, 3.250
3, 74.734, 0.200, 73.690, 73.700, 3.250
4, 71.556, 0.900, 66.920, 66.870, 14.631
5, 68.081, 0.900, 66.920, 66.910, 14.631
6, 75.962, 0.085, 73.560, 73.210, 3.097
7, 76.070, 0.193, 73.720, 71.790, 6.548
8, 75.983, 0.010, 73.540, 71.770, 5.063
9, 75.993, 0.010, 73.540, 71.780, 5.063
10, 75.736, 0.166, 73.490, 73.680, 2.713
11, 75.257, 0.552, 73.030, 73.060, 8.973
12, 75.925, 0.010, 73.540, 73.190, 2.490
13, 75.996, 0.427, 73.490, 73.130, 6.946
14, 75.855, 0.010, 73.540, 73.830, 1.213
15, 74.944, 0.507, 73.250, 73.200, 8.236
16, 75.310, 0.010, 73.540, 73.700, 0.633
17, 61.480, 0.960, 58.260, 58.320, 15.619
18, 75.930, 0.247, 73.520, 73.140, 4.431
19, 76.006, 0.228, 73.590, 73.220, 4.271
20, 75.849, 0.205, 73.620, 73.780, 3.337
21, 75.855, 0.010, 73.540, 73.830, 1.213
22, 76.089, 0.269, 73.410, 71.780, 7.165
23, 76.270, 0.374, 73.500, 73.430, 6.090
24, 75.945, 0.010, 73.540, 73.210, 2.490
25, 75.855, 0.010, 73.540, 73.830, 1.213
26, 75.292, 0.122, 73.560, 73.660, 1.987
27, 75.372, 0.513, 73.240, 73.190, 8.340
28, 75.124, 0.409, 73.460, 73.410, 6.654
29, 74.928, 0.010, 73.540, 73.590, 0.367
30, 76.200, 0.527, 73.210, 71.790, 9.289
31, 75.827, 0.527, 73.230, 72.910, 8.570
32, 64.841, 0.931, 63.270, 63.270, 15.142
33, 75.945, 0.010, 73.540, 73.210, 2.490
34, 75.319, 0.357, 73.420, 73.620, 5.809
35, 76.150, 0.428, 73.500, 71.780, 8.461
36, 74.675, 0.010, 73.540, 73.530, 0.210
37, 33.295, 0.990, 30.810, 30.910, 16.136
38, 75.643, 0.383, 73.450, 73.510, 6.219
39, 76.142, 0.407, 73.370, 71.780, 8.292
40, 75.987, 0.195, 73.750, 73.210, 3.990
41, 75.143, 0.267, 73.400, 73.470, 4.340
42, 75.955, 0.055, 73.590, 73.210, 2.857
43, 76.052, 0.171, 73.540, 71.780, 6.370
44, 75.985, 0.186, 73.620, 73.210, 3.917
45, 76.062, 0.399, 73.470, 73.210, 6.482
46, 75.553, 0.274, 73.380, 73.460, 4.448
47, 75.855, 0.010, 73.540, 73.830, 1.213
48, 76.148, 0.525, 73.210, 71.740, 9.266
49, 74.954, 0.654, 72.300, 71.970, 10.631
50, 75.988, 0.492, 73.230, 73.090, 7.994
51, 75.716, 0.269, 73.410, 72.920, 4.630
52, 76.115, 0.338, 73.460, 71.780, 7.733
53, 76.108, 0.320, 73.550, 71.780, 7.584
54, 75.997, 0.019, 73.550, 71.780, 5.140
55, 75.860, 0.043, 73.560, 73.830, 1.483
1, 75.230, 0.200, 73.480, 71.210, 0.489
2, 75.605, 0.200, 73.480, 73.600, 0.269
3, 74.473, 0.200, 73.480, 73.470, 0.269
4, 52.229, 0.900, 46.780, 48.180, 1.220
5, 47.772, 0.900, 46.780, 46.760, 1.220
6, 76.122, 0.085, 73.550, 73.450, 0.214
7, 76.132, 0.088, 73.570, 73.460, 0.216
8, 76.142, 0.046, 73.550, 73.470, 0.187
9, 75.226, 0.066, 73.540, 71.210, 0.399
10, 76.132, 0.062, 73.550, 73.460, 0.198
11, 76.131, 0.024, 73.540, 73.460, 0.173
12, 76.133, 0.124, 73.510, 73.460, 0.240
13, 75.225, 0.010, 73.540, 71.210, 0.361
14, 76.121, 0.036, 73.550, 73.450, 0.181
15, 76.123, 0.118, 73.490, 73.450, 0.236
16, 76.122, 0.080, 73.550, 73.450, 0.210
17, 76.123, 0.117, 73.480, 73.450, 0.235
18, 76.132, 0.070, 73.560, 73.460, 0.204
19, 76.131, 0.017, 73.540, 73.460, 0.168
20, 76.131, 0.013, 73.540, 73.460, 0.165
21, 76.142, 0.065, 73.530, 73.470, 0.200
22, 76.123, 0.132, 73.490, 73.450, 0.246
23, 76.124, 0.190, 73.530, 73.450, 0.285
24, 76.115, 0.203, 73.440, 73.440, 0.294
25, 75.926, 0.264, 73.520, 73.250, 0.360
26, 75.945, 0.230, 73.510, 73.270, 0.319
27, 76.124, 0.148, 73.520, 73.450, 0.256
28, 76.132, 0.063, 73.550, 73.460, 0.198
29, 76.133, 0.121, 73.510, 73.460, 0.238
30, 76.115, 0.214, 73.420, 73.440, 0.302
31, 76.124, 0.190, 73.530, 73.450, 0.285
32, 75.897, 0.280, 73.570, 73.220, 0.381
33, 75.708, 0.312, 73.590, 73.030, 0.423
34, 76.132, 0.081, 73.560, 73.460, 0.211
35, 76.131, 0.010, 73.540, 73.460, 0.163
36, 76.134, 0.166, 73.610, 73.460, 0.269
37, 75.936, 0.262, 73.520, 73.260, 0.358
38, 76.122, 0.044, 73.550, 73.450, 0.186
39, 76.133, 0.122, 73.500, 73.460, 0.239
40, 75.975, 0.226, 73.490, 73.300, 0.315
41, 76.131, 0.010, 73.540, 73.460, 0.163
42, 76.133, 0.094, 73.570, 73.460, 0.219
43, 76.115, 0.203, 73.440, 73.440, 0.294
44, 76.133, 0.138, 73.520, 73.460, 0.250
45, 76.131, 0.012, 73.540, 73.460, 0.165
46, 76.132, 0.050, 73.550, 73.460, 0.189
47, 76.134, 0.164, 73.620, 73.460, 0.268
48, 75.966, 0.261, 73.520, 73.290, 0.356
49, 75.689, 0.332, 73.600, 73.010, 0.448
50, 75.592, 0.074, 73.540, 73.590, 0.122
51, 75.398, 0.281, 73.570, 73.390, 0.379
52, 75.611, 0.389, 73.350, 72.930, 0.526
53, 75.222, 0.436, 73.070, 72.540, 0.589
54, 75.223, 0.326, 73.630, 71.200, 0.576
55, 75.422, 0.416, 73.390, 72.740, 0.563

 Final Sparsity: 45.10    Final Top1: 72.590


2019-04-15 08:55:26.055885
Compression scale set to 0.1

501, 40.895, 0.200, 73.010, 39.290, 0.300
2, 71.251, 0.200, 73.010, 70.450, 0.155
3, 73.331, 0.200, 73.010, 72.930, 0.144
4, 30.831, 0.900, 29.810, 29.220, 0.654
5, 30.173, 0.900, 29.810, 29.770, 0.654
6, 61.938, 0.085, 73.550, 60.870, 0.152
7, 61.918, 0.106, 73.600, 60.850, 0.159
8, 45.057, 0.499, 68.120, 43.450, 0.414
9, 73.861, 0.178, 73.340, 73.460, 0.129
10, 73.780, 0.143, 73.350, 73.380, 0.103
11, 73.650, 0.137, 73.310, 73.250, 0.098
12, 73.820, 0.165, 73.370, 73.420, 0.119
13, 73.670, 0.163, 73.260, 73.270, 0.118
14, 73.761, 0.182, 73.320, 73.360, 0.131
15, 73.870, 0.145, 73.420, 73.470, 0.105
16, 73.720, 0.132, 73.400, 73.320, 0.095
17, 73.710, 0.152, 73.340, 73.310, 0.110
18, 73.830, 0.172, 73.300, 73.430, 0.124
19, 73.660, 0.140, 73.300, 73.260, 0.100
20, 73.760, 0.150, 73.410, 73.360, 0.108
21, 73.581, 0.188, 73.200, 73.180, 0.135
22, 73.790, 0.130, 73.450, 73.390, 0.094
23, 74.010, 0.122, 73.610, 73.610, 0.087
24, 74.010, 0.121, 73.610, 73.610, 0.087
25, 73.930, 0.126, 73.560, 73.530, 0.090
26, 73.940, 0.123, 73.600, 73.540, 0.089
27, 73.870, 0.115, 73.630, 73.470, 0.082
28, 73.751, 0.173, 73.260, 73.350, 0.126
29, 73.990, 0.116, 73.560, 73.590, 0.084
30, 74.050, 0.119, 73.620, 73.650, 0.085
31, 74.050, 0.118, 73.620, 73.650, 0.085
32, 74.050, 0.120, 73.620, 73.650, 0.085
33, 73.920, 0.112, 73.650, 73.520, 0.081
34, 74.050, 0.119, 73.620, 73.650, 0.085
35, 73.740, 0.134, 73.430, 73.340, 0.097
36, 73.940, 0.123, 73.600, 73.540, 0.089
37, 73.930, 0.112, 73.650, 73.530, 0.081
38, 73.980, 0.118, 73.560, 73.580, 0.084
39, 73.980, 0.116, 73.560, 73.580, 0.084
40, 73.790, 0.129, 73.450, 73.390, 0.094
41, 73.640, 0.155, 73.350, 73.240, 0.111
42, 73.870, 0.145, 73.420, 73.470, 0.105
43, 73.940, 0.103, 73.510, 73.540, 0.074
44, 73.940, 0.105, 73.600, 73.540, 0.076
45, 74.050, 0.118, 73.620, 73.650, 0.085
46, 73.870, 0.114, 73.630, 73.470, 0.082
47, 73.980, 0.116, 73.560, 73.580, 0.084
48, 73.740, 0.134, 73.430, 73.340, 0.097
49, 73.820, 0.161, 73.430, 73.420, 0.116
50, 73.900, 0.147, 73.450, 73.500, 0.106
51, 73.940, 0.098, 73.490, 73.540, 0.071
52, 73.810, 0.084, 73.500, 73.410, 0.060
53, 73.810, 0.083, 73.500, 73.410, 0.060
54, 73.861, 0.179, 73.340, 73.460, 0.129
55, 73.321, 0.198, 73.010, 72.920, 0.144
1, 53.911, 0.200, 73.570, 52.280, 1.871
2, 73.567, 0.200, 73.570, 72.760, 0.833
3, 73.953, 0.200, 73.570, 73.550, 0.773
4, 32.648, 0.900, 29.680, 30.990, 3.484
5, 30.104, 0.900, 29.680, 29.690, 3.484
6, 72.098, 0.085, 73.450, 71.020, 1.021
7, 72.098, 0.106, 73.410, 71.020, 1.062
8, 53.930, 0.499, 69.880, 52.290, 2.450
9, 73.823, 0.172, 73.430, 73.420, 0.664
10, 73.943, 0.194, 73.640, 73.540, 0.752
11, 73.993, 0.195, 73.660, 73.590, 0.753
12, 73.953, 0.204, 73.600, 73.550, 0.789
13, 74.023, 0.191, 73.670, 73.620, 0.739
14, 73.833, 0.169, 73.450, 73.430, 0.653
15, 73.893, 0.180, 73.590, 73.490, 0.695
16, 73.993, 0.186, 73.680, 73.590, 0.721
17, 73.863, 0.178, 73.590, 73.460, 0.687
18, 74.033, 0.218, 73.690, 73.630, 0.842
19, 74.004, 0.225, 73.530, 73.600, 0.871
20, 74.024, 0.234, 73.690, 73.620, 0.905
21, 74.034, 0.227, 73.560, 73.630, 0.879
22, 74.054, 0.226, 73.570, 73.650, 0.876
23, 73.722, 0.153, 73.400, 73.320, 0.590
24, 73.617, 0.189, 73.590, 72.810, 0.808
25, 73.647, 0.213, 73.670, 72.840, 0.868
26, 74.003, 0.214, 73.600, 73.600, 0.829
27, 73.993, 0.199, 73.630, 73.590, 0.769
28, 74.024, 0.227, 73.590, 73.620, 0.877
29, 73.834, 0.248, 73.500, 73.430, 0.960
30, 73.893, 0.207, 73.540, 73.490, 0.802
31, 73.833, 0.173, 73.520, 73.430, 0.669
32, 73.784, 0.247, 73.440, 73.380, 0.956
33, 73.893, 0.175, 73.550, 73.490, 0.676
34, 74.034, 0.227, 73.560, 73.630, 0.879
35, 74.023, 0.197, 73.650, 73.620, 0.763
36, 74.054, 0.226, 73.570, 73.650, 0.876
37, 73.874, 0.259, 73.460, 73.470, 1.000
38, 73.983, 0.190, 73.560, 73.580, 0.734
39, 73.702, 0.154, 73.450, 73.300, 0.595
40, 73.974, 0.233, 73.660, 73.570, 0.902
41, 73.574, 0.271, 73.170, 73.170, 1.050
42, 73.993, 0.191, 73.620, 73.590, 0.740
43, 73.702, 0.150, 73.400, 73.300, 0.581
44, 74.024, 0.232, 73.650, 73.620, 0.898
45, 73.993, 0.192, 73.620, 73.590, 0.740
46, 73.944, 0.230, 73.480, 73.540, 0.889
47, 73.554, 0.274, 73.220, 73.150, 1.061
48, 73.963, 0.185, 73.600, 73.560, 0.716
49, 73.772, 0.140, 73.360, 73.370, 0.540
50, 73.782, 0.140, 73.360, 73.380, 0.542
51, 73.993, 0.195, 73.660, 73.590, 0.753
52, 73.884, 0.246, 73.510, 73.480, 0.950
53, 73.904, 0.234, 73.610, 73.500, 0.903
54, 73.893, 0.175, 73.520, 73.490, 0.677
55, 74.093, 0.213, 73.650, 73.690, 0.824
1, 68.527, 0.200, 73.580, 66.040, 35.677
2, 74.352, 0.200, 73.580, 73.400, 15.932
3, 74.023, 0.200, 73.580, 73.550, 15.481
4, 58.166, 0.900, 50.810, 52.890, 69.676
5, 52.089, 0.900, 50.810, 50.770, 69.676
6, 74.110, 0.085, 73.610, 72.820, 17.313
7, 74.334, 0.188, 73.620, 73.390, 15.232
8, 74.267, 0.176, 73.560, 73.330, 14.589
9, 74.101, 0.057, 73.590, 72.830, 16.105
10, 74.137, 0.137, 73.620, 72.810, 19.642
11, 73.957, 0.109, 73.550, 73.520, 8.431
12, 74.086, 0.158, 73.620, 73.630, 12.197
13, 74.175, 0.274, 73.550, 73.160, 21.201
14, 74.388, 0.367, 73.400, 73.270, 28.448
15, 74.577, 0.341, 73.590, 73.490, 26.369
16, 73.874, 0.493, 72.580, 72.580, 38.175
17, 74.196, 0.275, 73.540, 73.180, 21.266
18, 74.167, 0.050, 73.620, 73.290, 8.745
19, 74.285, 0.174, 73.610, 73.350, 14.482
20, 74.151, 0.010, 73.540, 73.290, 7.043
21, 74.294, 0.209, 73.550, 73.530, 16.176
22, 74.109, 0.429, 73.160, 73.150, 33.245
23, 74.048, 0.429, 73.170, 73.090, 33.211
24, 74.287, 0.122, 73.580, 73.580, 9.460
25, 74.153, 0.299, 73.560, 73.320, 23.134
26, 74.124, 0.010, 73.540, 73.460, 3.573
27, 74.411, 0.205, 73.570, 73.650, 15.894
28, 73.771, 0.490, 72.570, 72.740, 37.930
29, 74.144, 0.010, 73.540, 73.600, 2.018
30, 74.212, 0.296, 73.520, 73.520, 22.929
31, 74.162, 0.066, 73.590, 73.600, 5.129
32, 73.808, 0.394, 73.150, 73.040, 30.541
33, 74.142, 0.040, 73.570, 73.590, 3.392
34, 74.325, 0.331, 73.680, 73.710, 25.622
35, 74.138, 0.057, 73.590, 73.660, 4.383
36, 73.976, 0.378, 73.310, 73.330, 29.287
37, 68.934, 0.709, 67.910, 67.920, 54.903
38, 74.153, 0.164, 73.610, 73.630, 12.667
39, 74.085, 0.099, 73.620, 73.590, 7.643
40, 74.013, 0.010, 73.540, 73.610, 0.849
41, 59.998, 0.847, 58.170, 58.140, 65.557
42, 74.255, 0.240, 73.550, 73.600, 18.556
43, 74.184, 0.288, 73.470, 73.360, 22.288
44, 74.182, 0.241, 73.530, 73.620, 18.629
45, 74.146, 0.249, 73.520, 73.580, 19.295
46, 74.124, 0.010, 73.540, 73.460, 3.573
47, 74.227, 0.335, 73.620, 73.610, 25.937
48, 72.898, 0.565, 71.990, 71.950, 43.730
49, 74.158, 0.119, 73.520, 73.570, 9.220
50, 74.236, 0.208, 73.570, 73.600, 16.126
51, 74.124, 0.010, 73.540, 73.460, 3.573
52, 74.173, 0.209, 73.550, 72.790, 22.892
53, 74.148, 0.240, 73.530, 72.740, 24.241
54, 74.064, 0.010, 73.540, 72.820, 14.249
55, 74.074, 0.010, 73.540, 72.830, 14.249
1, 73.483, 0.200, 73.690, 71.770, 6.607
2, 74.677, 0.200, 73.690, 73.850, 3.250
3, 74.113, 0.200, 73.690, 73.700, 3.250
4, 68.744, 0.900, 66.920, 66.870, 14.631
5, 67.389, 0.900, 66.920, 66.920, 14.631
6, 74.311, 0.085, 73.560, 73.210, 3.097
7, 74.494, 0.178, 73.520, 73.670, 2.899
8, 74.647, 0.118, 73.550, 73.830, 2.097
9, 74.426, 0.335, 73.480, 73.580, 5.445
10, 74.248, 0.479, 73.260, 73.380, 7.785
11, 74.304, 0.010, 73.540, 73.210, 2.490
12, 74.359, 0.340, 73.470, 73.230, 5.553
13, 74.344, 0.221, 73.680, 73.230, 4.211
14, 73.448, 0.628, 72.670, 72.260, 10.214
15, 74.304, 0.010, 73.540, 73.210, 2.490
16, 73.911, 0.010, 73.540, 73.510, 0.162
17, 31.523, 0.990, 30.810, 30.760, 16.136
18, 74.352, 0.209, 73.600, 73.240, 4.108
19, 74.328, 0.162, 73.580, 73.220, 3.727
20, 74.608, 0.208, 73.590, 73.780, 3.384
21, 74.361, 0.368, 73.460, 73.510, 5.978
22, 74.639, 0.138, 73.690, 73.820, 2.309
23, 73.932, 0.030, 73.540, 73.530, 0.481
24, 74.304, 0.010, 73.540, 73.210, 2.490
25, 74.253, 0.412, 73.460, 73.110, 6.704
26, 74.113, 0.302, 73.440, 72.990, 5.020
27, 73.483, 0.132, 73.630, 71.780, 6.054
28, 74.095, 0.222, 73.700, 73.680, 3.601
29, 73.790, 0.559, 73.020, 72.910, 9.085
30, 74.325, 0.126, 73.540, 73.220, 3.432
31, 74.372, 0.408, 73.350, 73.230, 6.628
32, 73.618, 0.581, 72.910, 72.440, 9.443
33, 74.426, 0.331, 73.650, 73.580, 5.383
34, 74.204, 0.219, 73.730, 73.730, 3.564
35, 73.988, 0.010, 73.540, 73.530, 0.210
36, 73.908, 0.274, 73.400, 73.430, 4.453
37, 73.989, 0.019, 73.550, 73.530, 0.309
38, 73.849, 0.276, 73.380, 73.370, 4.493
39, 73.988, 0.010, 73.540, 73.530, 0.210
40, 73.907, 0.262, 73.440, 73.350, 4.261
41, 74.125, 0.010, 73.540, 73.590, 0.367
42, 74.085, 0.239, 73.510, 73.530, 3.887
43, 74.135, 0.010, 73.540, 73.600, 0.367
44, 73.907, 0.260, 73.420, 73.350, 4.219
45, 74.125, 0.010, 73.540, 73.590, 0.367
46, 73.611, 0.600, 73.000, 73.020, 9.754
47, 72.873, 0.665, 72.310, 72.360, 10.804
48, 74.344, 0.010, 73.540, 73.700, 0.633
49, 74.215, 0.234, 73.500, 73.550, 3.806
50, 74.344, 0.010, 73.540, 73.700, 0.633
51, 74.300, 0.185, 73.620, 73.640, 3.001
52, 72.888, 0.661, 72.320, 72.290, 10.747
53, 74.344, 0.010, 73.540, 73.700, 0.633
54, 74.640, 0.010, 73.540, 73.830, 1.213
55, 73.111, 0.646, 72.590, 72.600, 10.502
1, 72.818, 0.200, 73.480, 71.210, 0.489
2, 74.402, 0.200, 73.480, 73.600, 0.269
3, 73.871, 0.200, 73.480, 73.470, 0.269
4, 49.820, 0.900, 46.780, 48.200, 1.220
5, 47.135, 0.900, 46.780, 46.730, 1.220
6, 74.529, 0.085, 73.550, 73.460, 0.214
7, 74.529, 0.088, 73.550, 73.460, 0.215
8, 74.519, 0.047, 73.550, 73.450, 0.188
9, 74.402, 0.196, 73.480, 73.600, 0.264
10, 74.382, 0.140, 73.520, 73.580, 0.189
11, 72.806, 0.061, 73.540, 71.200, 0.396
12, 74.442, 0.174, 73.580, 73.640, 0.234
13, 74.393, 0.248, 73.520, 73.590, 0.335
14, 74.519, 0.024, 73.540, 73.450, 0.173
15, 74.421, 0.132, 73.490, 73.620, 0.177
16, 74.391, 0.070, 73.550, 73.590, 0.119
17, 74.391, 0.073, 73.550, 73.590, 0.121
18, 74.391, 0.010, 73.540, 73.590, 0.078
19, 74.391, 0.010, 73.540, 73.590, 0.078
20, 74.391, 0.091, 73.580, 73.590, 0.133
21, 74.442, 0.188, 73.550, 73.640, 0.253
22, 74.103, 0.291, 73.500, 73.300, 0.394
23, 74.442, 0.214, 73.420, 73.640, 0.289
24, 74.421, 0.122, 73.500, 73.620, 0.165
25, 74.391, 0.010, 73.540, 73.590, 0.078
26, 74.391, 0.041, 73.560, 73.590, 0.099
27, 74.452, 0.175, 73.600, 73.650, 0.237
28, 74.123, 0.287, 73.530, 73.320, 0.389
29, 74.231, 0.099, 73.590, 73.590, 0.134
30, 74.272, 0.252, 73.530, 73.630, 0.340
31, 74.222, 0.186, 73.560, 73.580, 0.252
32, 74.183, 0.333, 73.610, 73.540, 0.450
33, 73.884, 0.418, 73.360, 73.240, 0.564
34, 74.232, 0.250, 73.550, 73.590, 0.337
35, 74.211, 0.090, 73.560, 73.570, 0.121
36, 74.150, 0.010, 73.540, 73.510, 0.050
37, 74.231, 0.167, 73.600, 73.590, 0.226
38, 74.173, 0.337, 73.620, 73.530, 0.455
39, 73.634, 0.448, 73.030, 72.990, 0.606
40, 74.212, 0.249, 73.520, 73.570, 0.335
41, 74.161, 0.069, 73.540, 73.520, 0.094
42, 74.150, 0.010, 73.540, 73.510, 0.050
43, 73.614, 0.441, 73.000, 72.970, 0.597
44, 74.211, 0.167, 73.600, 73.570, 0.226
45, 74.150, 0.010, 73.540, 73.510, 0.050
46, 74.221, 0.110, 73.560, 73.580, 0.148
47, 74.193, 0.299, 73.550, 73.550, 0.405
48, 73.965, 0.241, 73.500, 73.430, 0.326
49, 74.004, 0.406, 73.430, 73.200, 0.550
50, 73.557, 0.465, 73.040, 73.020, 0.629
51, 73.506, 0.520, 72.820, 72.700, 0.703
52, 74.153, 0.010, 73.540, 73.620, 0.031
53, 74.114, 0.104, 73.590, 73.580, 0.140
54, 74.056, 0.313, 73.580, 73.520, 0.424
55, 74.045, 0.180, 73.570, 73.510, 0.242

 Final Sparsity: 30.85    Final Top1: 73.600


2019-04-17 11:17:29.278802
Compression scale set to 1.5

1